example,trial,cohort,phase,lam_ex,lam_em,round,n_editable,chromo_pos1_1based,scaffold_name,scaffold_pdb,scaffold_idx,scaffold_ex,scaffold_em,target_name,target_idx,target_ex,target_em,seq_id_scaf_target,pred_ex,pred_em,peak_err,ppl,fam_logp,ident_to_scaffold,designed_seq,scaffold_seq,target_seq
mOrange2-mBlueberry1,0,knownstruct_Stest,scaffold,1.0,1.0,0,0,71,mOrange2,2H5O,480,549,565,mBlueberry1,362,398,452,0.919,548.6,574.6,136.59,,-29.80,1.000,MVSKGEENNMAIIKEFMRFKVRMEGSVNGHEFEIEGEGEGRPYEGFQTAKLKVTKGGPLPFAWDILSPHFTYGSKAYVKHPADIPDYFKLSFPEGFKWERVMNYEDGGVVTVTQDSSLQDGEFIYKVKLRGTNFPSDGPVMQKKTMGWEASSERMYPEDGALKGKIKMRLKLKDGGHYTSEVKTTYKAKKPVQLPGAYIVDIKLDITSHNEDYTIVEQYERAEGRHSTGGMDELYK,MVSKGEENNMAIIKEFMRFKVRMEGSVNGHEFEIEGEGEGRPYEGFQTAKLKVTKGGPLPFAWDILSPHFTYGSKAYVKHPADIPDYFKLSFPEGFKWERVMNYEDGGVVTVTQDSSLQDGEFIYKVKLRGTNFPSDGPVMQKKTMGWEASSERMYPEDGALKGKIKMRLKLKDGGHYTSEVKTTYKAKKPVQLPGAYIVDIKLDITSHNEDYTIVEQYERAEGRHSTGGMDELYK,MVSKGEEDNMAIIKEFMRFKVHMEGSVNGHEFEIEGEGEGRPYEGTQTAKLKVTKGGPLPFAWDILSPQFLFGSRAYVKHPADIPDYLKLSFPEGFKWERVMNFEDGGVVTVTQDSSLQDGEFIYKVKLRGTNFPSDGPVMRRKTMGWEASSERMCPEDGALKGEIKLRLKLRDGGHYDAEVKTTYKAKKPVQLPGAYNVNIKLDITSHNEDYTIVEQYERAEGRHSTGGMDELYK
mOrange2-mBlueberry1,0,knownstruct_Stest,chromo+pocket,1.0,1.0,1,24,71,mOrange2,2H5O,480,549,565,mBlueberry1,362,398,452,0.919,448.0,503.3,50.68,,-42.42,0.953,MVSKGEENNMAIIKEFMRFKVRMEGSVNGHEFEIEGEGEGRPYEGFVTAKLKVTKGGPLPFAWDILSPQFGWGSRAYVKHPADIPDYFKLSFPEGFKWERVMNYEDGGVVTVTQDVSLQDGEFIAKVKLRGTNFPSDGPVMQKKTMGSCASSERMYPEDGALKGKVKMRLKLKDGGHYTSEVKTTYKAKKPVQLPGAYIVDIKLDITSHNEDYTIVEEYERAEGRHSTGGMDELYK,MVSKGEENNMAIIKEFMRFKVRMEGSVNGHEFEIEGEGEGRPYEGFQTAKLKVTKGGPLPFAWDILSPHFTYGSKAYVKHPADIPDYFKLSFPEGFKWERVMNYEDGGVVTVTQDSSLQDGEFIYKVKLRGTNFPSDGPVMQKKTMGWEASSERMYPEDGALKGKIKMRLKLKDGGHYTSEVKTTYKAKKPVQLPGAYIVDIKLDITSHNEDYTIVEQYERAEGRHSTGGMDELYK,MVSKGEEDNMAIIKEFMRFKVHMEGSVNGHEFEIEGEGEGRPYEGTQTAKLKVTKGGPLPFAWDILSPQFLFGSRAYVKHPADIPDYLKLSFPEGFKWERVMNFEDGGVVTVTQDSSLQDGEFIYKVKLRGTNFPSDGPVMRRKTMGWEASSERMCPEDGALKGEIKLRLKLRDGGHYDAEVKTTYKAKKPVQLPGAYNVNIKLDITSHNEDYTIVEQYERAEGRHSTGGMDELYK
mOrange2-mBlueberry1,0,knownstruct_Stest,chromo+pocket,1.0,1.0,2,24,71,mOrange2,2H5O,480,549,565,mBlueberry1,362,398,452,0.919,486.7,558.9,97.83,,-44.24,0.936,MVSKGEENNMAIIKEFMRFKVRMEGSVNGHEFEIEGEGEGRPYEGFITAKLKVTKGGPLPFAWDILAPQFHWGSKAYVKHPADIPDYFKLSFPEGFKWERVMNYEDGGVVTVTHDVSLQDGEFINKVKLRGTNFPSDGPVMQKKTMGSYASSSRMYPEDGALKGKVKMRLKLKDGGHYTSEVKTTYKAKKPVQLPGAYIVDHKVDITSHNEDYTIVEEYERAEGRHSTGGMDELYK,MVSKGEENNMAIIKEFMRFKVRMEGSVNGHEFEIEGEGEGRPYEGFQTAKLKVTKGGPLPFAWDILSPHFTYGSKAYVKHPADIPDYFKLSFPEGFKWERVMNYEDGGVVTVTQDSSLQDGEFIYKVKLRGTNFPSDGPVMQKKTMGWEASSERMYPEDGALKGKIKMRLKLKDGGHYTSEVKTTYKAKKPVQLPGAYIVDIKLDITSHNEDYTIVEQYERAEGRHSTGGMDELYK,MVSKGEEDNMAIIKEFMRFKVHMEGSVNGHEFEIEGEGEGRPYEGTQTAKLKVTKGGPLPFAWDILSPQFLFGSRAYVKHPADIPDYLKLSFPEGFKWERVMNFEDGGVVTVTQDSSLQDGEFIYKVKLRGTNFPSDGPVMRRKTMGWEASSERMCPEDGALKGEIKLRLKLRDGGHYDAEVKTTYKAKKPVQLPGAYNVNIKLDITSHNEDYTIVEQYERAEGRHSTGGMDELYK
mOrange2-mBlueberry1,1,knownstruct_Stest,scaffold,1.0,1.0,0,0,71,mOrange2,2H5O,480,549,565,mBlueberry1,362,398,452,0.919,548.6,574.6,136.59,,-29.80,1.000,MVSKGEENNMAIIKEFMRFKVRMEGSVNGHEFEIEGEGEGRPYEGFQTAKLKVTKGGPLPFAWDILSPHFTYGSKAYVKHPADIPDYFKLSFPEGFKWERVMNYEDGGVVTVTQDSSLQDGEFIYKVKLRGTNFPSDGPVMQKKTMGWEASSERMYPEDGALKGKIKMRLKLKDGGHYTSEVKTTYKAKKPVQLPGAYIVDIKLDITSHNEDYTIVEQYERAEGRHSTGGMDELYK,MVSKGEENNMAIIKEFMRFKVRMEGSVNGHEFEIEGEGEGRPYEGFQTAKLKVTKGGPLPFAWDILSPHFTYGSKAYVKHPADIPDYFKLSFPEGFKWERVMNYEDGGVVTVTQDSSLQDGEFIYKVKLRGTNFPSDGPVMQKKTMGWEASSERMYPEDGALKGKIKMRLKLKDGGHYTSEVKTTYKAKKPVQLPGAYIVDIKLDITSHNEDYTIVEQYERAEGRHSTGGMDELYK,MVSKGEEDNMAIIKEFMRFKVHMEGSVNGHEFEIEGEGEGRPYEGTQTAKLKVTKGGPLPFAWDILSPQFLFGSRAYVKHPADIPDYLKLSFPEGFKWERVMNFEDGGVVTVTQDSSLQDGEFIYKVKLRGTNFPSDGPVMRRKTMGWEASSERMCPEDGALKGEIKLRLKLRDGGHYDAEVKTTYKAKKPVQLPGAYNVNIKLDITSHNEDYTIVEQYERAEGRHSTGGMDELYK
mOrange2-mBlueberry1,1,knownstruct_Stest,chromo+pocket,1.0,1.0,1,24,71,mOrange2,2H5O,480,549,565,mBlueberry1,362,398,452,0.919,456.2,528.3,67.26,,-45.53,0.932,MVSKGEENNMAIIKEFMRFKVRMEGSVNGHEFEIEGEGEGRPYEGFETAKLKVTKGGPLPFAWDILVPLFGWGNKAYVKHPADIPDYFKLSFPEGFKWERVMNYEDGGVVTVTHDVSLQDGEFIAKVKLRGTNFPSDGPVMQKKTMGSEANSTRMYPEDGALKGKVKLRLKLKDGGHYTSEVKTTYKAKKPVQLPGAYIVDRKNDITSHNEDYTIVEQYERAEGRHSTGGMDELYK,MVSKGEENNMAIIKEFMRFKVRMEGSVNGHEFEIEGEGEGRPYEGFQTAKLKVTKGGPLPFAWDILSPHFTYGSKAYVKHPADIPDYFKLSFPEGFKWERVMNYEDGGVVTVTQDSSLQDGEFIYKVKLRGTNFPSDGPVMQKKTMGWEASSERMYPEDGALKGKIKMRLKLKDGGHYTSEVKTTYKAKKPVQLPGAYIVDIKLDITSHNEDYTIVEQYERAEGRHSTGGMDELYK,MVSKGEEDNMAIIKEFMRFKVHMEGSVNGHEFEIEGEGEGRPYEGTQTAKLKVTKGGPLPFAWDILSPQFLFGSRAYVKHPADIPDYLKLSFPEGFKWERVMNFEDGGVVTVTQDSSLQDGEFIYKVKLRGTNFPSDGPVMRRKTMGWEASSERMCPEDGALKGEIKLRLKLRDGGHYDAEVKTTYKAKKPVQLPGAYNVNIKLDITSHNEDYTIVEQYERAEGRHSTGGMDELYK
mOrange2-mBlueberry1,1,knownstruct_Stest,chromo+pocket,1.0,1.0,2,24,71,mOrange2,2H5O,480,549,565,mBlueberry1,362,398,452,0.919,466.5,540.1,78.33,,-55.99,0.919,MVSKGEENNMAIIKEFMRFKVRMEGSVNGHEFEIEGEGEGRPYEGFMTAKLKVTKGGPLPFAWDILLPLFGHGNHAYVKHPADIPDYFKLSFPEGFKQERVMNYEDGGVVTVTHDLSLQDGEFIAKVKLRGTNFPSDGPVMQKKTMGNDINSERMYPEDGALKGKVKMRLKLKDGGHYTSEVKTTYKAKKPVQLPGAYIVDRKVDITSHNEDYTIVEEYERAEGRHSTGGMDELYK,MVSKGEENNMAIIKEFMRFKVRMEGSVNGHEFEIEGEGEGRPYEGFQTAKLKVTKGGPLPFAWDILSPHFTYGSKAYVKHPADIPDYFKLSFPEGFKWERVMNYEDGGVVTVTQDSSLQDGEFIYKVKLRGTNFPSDGPVMQKKTMGWEASSERMYPEDGALKGKIKMRLKLKDGGHYTSEVKTTYKAKKPVQLPGAYIVDIKLDITSHNEDYTIVEQYERAEGRHSTGGMDELYK,MVSKGEEDNMAIIKEFMRFKVHMEGSVNGHEFEIEGEGEGRPYEGTQTAKLKVTKGGPLPFAWDILSPQFLFGSRAYVKHPADIPDYLKLSFPEGFKWERVMNFEDGGVVTVTQDSSLQDGEFIYKVKLRGTNFPSDGPVMRRKTMGWEASSERMCPEDGALKGEIKLRLKLRDGGHYDAEVKTTYKAKKPVQLPGAYNVNIKLDITSHNEDYTIVEQYERAEGRHSTGGMDELYK
mOrange2-mBlueberry1,2,knownstruct_Stest,scaffold,1.0,1.0,0,0,71,mOrange2,2H5O,480,549,565,mBlueberry1,362,398,452,0.919,548.6,574.6,136.59,,-29.80,1.000,MVSKGEENNMAIIKEFMRFKVRMEGSVNGHEFEIEGEGEGRPYEGFQTAKLKVTKGGPLPFAWDILSPHFTYGSKAYVKHPADIPDYFKLSFPEGFKWERVMNYEDGGVVTVTQDSSLQDGEFIYKVKLRGTNFPSDGPVMQKKTMGWEASSERMYPEDGALKGKIKMRLKLKDGGHYTSEVKTTYKAKKPVQLPGAYIVDIKLDITSHNEDYTIVEQYERAEGRHSTGGMDELYK,MVSKGEENNMAIIKEFMRFKVRMEGSVNGHEFEIEGEGEGRPYEGFQTAKLKVTKGGPLPFAWDILSPHFTYGSKAYVKHPADIPDYFKLSFPEGFKWERVMNYEDGGVVTVTQDSSLQDGEFIYKVKLRGTNFPSDGPVMQKKTMGWEASSERMYPEDGALKGKIKMRLKLKDGGHYTSEVKTTYKAKKPVQLPGAYIVDIKLDITSHNEDYTIVEQYERAEGRHSTGGMDELYK,MVSKGEEDNMAIIKEFMRFKVHMEGSVNGHEFEIEGEGEGRPYEGTQTAKLKVTKGGPLPFAWDILSPQFLFGSRAYVKHPADIPDYLKLSFPEGFKWERVMNFEDGGVVTVTQDSSLQDGEFIYKVKLRGTNFPSDGPVMRRKTMGWEASSERMCPEDGALKGEIKLRLKLRDGGHYDAEVKTTYKAKKPVQLPGAYNVNIKLDITSHNEDYTIVEQYERAEGRHSTGGMDELYK
mOrange2-mBlueberry1,2,knownstruct_Stest,chromo+pocket,1.0,1.0,1,24,71,mOrange2,2H5O,480,549,565,mBlueberry1,362,398,452,0.919,450.5,506.5,53.51,,-41.09,0.949,MVSKGEENNMAIIKEFMRFKVRMEGSVNGHEFEIEGEGEGRPYEGFVTAKLKVTKGGPLPFAWDILSPQFGWGSRAYVKHPADIPDYFKLSFPEGFKTERVMNYEDGGVVTVTQDSSLQDGEFIYKVKLRGTNFPSDGPVMQKKTMGNEANSERMYPEDGALKGKVKMRLKLKDGGHYTSEVKTTYKAKKPVQLPGAYIVDTKIDITSHNEDYTIVEEYERAEGRHSTGGMDELYK,MVSKGEENNMAIIKEFMRFKVRMEGSVNGHEFEIEGEGEGRPYEGFQTAKLKVTKGGPLPFAWDILSPHFTYGSKAYVKHPADIPDYFKLSFPEGFKWERVMNYEDGGVVTVTQDSSLQDGEFIYKVKLRGTNFPSDGPVMQKKTMGWEASSERMYPEDGALKGKIKMRLKLKDGGHYTSEVKTTYKAKKPVQLPGAYIVDIKLDITSHNEDYTIVEQYERAEGRHSTGGMDELYK,MVSKGEEDNMAIIKEFMRFKVHMEGSVNGHEFEIEGEGEGRPYEGTQTAKLKVTKGGPLPFAWDILSPQFLFGSRAYVKHPADIPDYLKLSFPEGFKWERVMNFEDGGVVTVTQDSSLQDGEFIYKVKLRGTNFPSDGPVMRRKTMGWEASSERMCPEDGALKGEIKLRLKLRDGGHYDAEVKTTYKAKKPVQLPGAYNVNIKLDITSHNEDYTIVEQYERAEGRHSTGGMDELYK
mOrange2-mBlueberry1,2,knownstruct_Stest,chromo+pocket,1.0,1.0,2,24,71,mOrange2,2H5O,480,549,565,mBlueberry1,362,398,452,0.919,535.2,560.5,122.81,,-39.44,0.949,MVSKGEENNMAIIKEFMRFKVRMEGSVNGHEFEIEGEGEGRPYEGFFTAKLKVTKGGPLPFAWDILAPQFHFGSRAYVKHPADIPDYFKLSFPEGFKNERVMNYEDGGVVTVTQDSSLQDGEFIGKVKLRGTNFPSDGPVMQKKTMGNEPSSERMYPEDGALKGKIKLRLKLKDGGHYTSEVKTTYKAKKPVQLPGAYIVDHKLDITSHNEDYTIVEQYERAEGRHSTGGMDELYK,MVSKGEENNMAIIKEFMRFKVRMEGSVNGHEFEIEGEGEGRPYEGFQTAKLKVTKGGPLPFAWDILSPHFTYGSKAYVKHPADIPDYFKLSFPEGFKWERVMNYEDGGVVTVTQDSSLQDGEFIYKVKLRGTNFPSDGPVMQKKTMGWEASSERMYPEDGALKGKIKMRLKLKDGGHYTSEVKTTYKAKKPVQLPGAYIVDIKLDITSHNEDYTIVEQYERAEGRHSTGGMDELYK,MVSKGEEDNMAIIKEFMRFKVHMEGSVNGHEFEIEGEGEGRPYEGTQTAKLKVTKGGPLPFAWDILSPQFLFGSRAYVKHPADIPDYLKLSFPEGFKWERVMNFEDGGVVTVTQDSSLQDGEFIYKVKLRGTNFPSDGPVMRRKTMGWEASSERMCPEDGALKGEIKLRLKLRDGGHYDAEVKTTYKAKKPVQLPGAYNVNIKLDITSHNEDYTIVEQYERAEGRHSTGGMDELYK
