slug	PC1	PC2	PC3	PC4	PC5	PC6	PC7	PC8	PC9	PC10
aausfp1	-4.469434798863292	-0.43719907548648684	-2.11821461826996	-1.2902433816887056	-1.6182123995178164	-1.163221218359097	0.4196050153058916	-3.247564338768847	-0.9754947994042101	-1.6499176211451905
aausfp4	-7.393235113899451	-2.435200456532844	-1.8010470743941311	-2.067423577954629	-0.2963543460978982	0.8988846366241318	-1.9861055423904586	0.8678560522204094	0.8199831987924842	1.412538909776132
aausgfp	-6.496422957852241	-0.41864592968625297	-2.7717681046597633	-0.3583679353241876	-2.4795231188357745	-0.07010068490392227	1.0306151164013357	-0.6389025583081903	1.8121896839958298	-0.4240951285247824
acgfp1	-6.102459392836976	0.7509112795857802	-2.8578173887008185	0.5563639105791894	-3.052636669057019	-0.3855170375040495	1.939413510856457	-1.115274275653357	1.5910217410774574	-0.8981748480969309
adred	11.430872693461522	-3.676196004289276	6.871033947772333	2.90657539085753	-4.315941899115859	1.5944884512224384	-1.3491951830646027	-0.08616750833761154	0.16237741262602698	0.1393136798142626
adred-c148s	9.560055316222714	-5.7060177241830425	8.728267681455716	1.8253264298419714	-1.005895338084544	0.6060651235991501	-0.5262771177506183	1.2802550539250863	1.0590813627186677	-0.2896405587253354
alphagfp	-6.5593774418529	-0.6275425866108296	-2.674953977603594	-0.8903282637792654	-1.9980515953460234	-0.16339108434971078	0.16492299109118613	-1.1980271631312052	0.7655294581919253	-0.25908380761086197
amcyan1	-6.847231608627589	2.9174893012236334	-2.5629848822542813	5.117045056145987	-2.6563246499172286	0.7372291633179113	4.3004606566637555	3.332164326021216	0.882190658907775	-0.29111297530907115
amfp486	-8.44060709591722	1.8198810860412016	-2.3870113737413554	4.573966782900631	-1.8839041567214236	1.6036310218903085	3.0753944112768785	5.086996530462657	1.4360690848262918	1.03415844886052
amilgfp	-5.113330831100291	-0.8204866996072374	-2.0970270063104315	-1.4205937728207094	-1.4850166127141273	-0.8124845066237907	0.02236688850766402	-2.513319367066325	-0.5791541568177948	-0.9777863352067261
anm2cp	5.17311378396206	-3.528133455112154	6.1577854514302	1.915471073955056	-2.1172070931187466	-2.549020164490354	2.7647912746796126	-2.62654107338441	-1.3095794160039929	0.8972086757258103
aq14	16.248710969678328	5.110240526689541	-6.613332498548172	-0.4224738202867285	-1.1487369855017096	3.14743883283082	-3.211099376548782	1.4448736049493498	0.6304160687951748	-1.8254122030843187
aq143	17.72942071406056	5.655531064869239	-7.429569808444301	-0.668148517395658	-0.5420101929662204	2.8223328753707304	-2.774078953088441	1.8649632190806416	0.8303944465706086	0.08401881443208083
aquamarine	-7.2235472671766034	4.843561981489926	-1.3278658322616264	8.261019835369865	-0.566268747327083	1.1556659476016622	4.078184204156377	5.014431812876448	-2.666984963595432	-0.5073018271727403
asred2	3.4013210215867047	-3.338306505760907	5.591070812537356	1.396181990057132	-1.1144644945905942	-3.388568512044573	3.582483201578465	-3.048910933254649	-1.6318689547138383	0.5767168743625779
asulcp	5.466377891781221	-5.494505097267935	8.426111718093303	1.4360844156605335	0.19462873440520922	-2.528209603244892	2.7515376566576046	-0.7556157532000349	0.18807627279490902	-0.24452299113733278
avgfp	-5.657373525634633	-0.4291662918701355	-2.3353741431531434	-0.7133169443919003	-1.8273527492450106	-0.5731688647293228	0.6726140401603904	-1.7580923647690323	0.3342538881227566	-1.0675992834721597
avicfp1	-6.126751968500986	-0.42241309596074283	-2.6899067888071144	-0.5481317162113988	-2.4209403441293436	-0.2966202849491356	0.9823534515948342	-1.1915224438266214	1.4723781751561729	-0.7199875201690218
avicfp2	-6.3414180860239275	-1.6928550625036831	-2.1140221021905354	-2.206349494555728	-0.7631268902081203	-0.12270914912108709	-1.3245056885415614	-1.3684079579484276	-0.32626890903986994	0.2696128802928903
avicfp4	-5.2656023189560734	-0.8614752478625857	-2.2690516642213545	-1.6397746022339188	-1.4500701928436879	-0.6991114497036293	-0.30683297041355523	-2.5397896984503805	-0.648663076344032	-0.873630898694599
azaleab5	6.803507521611155	-3.292933249401875	5.726501094209176	1.6936397549766693	-1.5599787576888953	-2.04911241064355	2.2727539414156555	-1.7045340068713446	-0.6648041523324504	0.6151967630119699
azamigreen	-5.151150271058649	0.37412246303311253	-2.885880997168027	-0.13168393314598267	-3.096753496477626	-0.9721552475031382	1.80621827444919	-2.632140897684427	0.7504865942921305	-1.6383591785997973
azamired10	11.485562076900518	-2.562988612575731	4.982647640037596	2.0014589980851247	-2.2718180258609375	-0.4453151020526605	0.800656032613953	-0.28866244406090397	0.07994521292336508	2.161332450564805
bdfp16	10.001443087509385	4.06832388635487	-5.381987413907799	-0.4480947711651419	-1.4632321604304743	2.4229260986526535	-2.7456655292675505	-0.4058882011938983	-0.46865294710932615	-5.317818649615029
bdfp18	11.616871044665135	7.149242240218487	-10.861579945748709	-3.3274021267179013	5.097180260316587	-2.2489317652910996	2.19832121046764	0.38894687416586515	0.2183729462769607	-1.010261296003704
bdfp20	11.346489828406453	3.679945359858133	-4.609475921186638	-0.05973690483277497	-1.9251176662494085	2.549339072085507	-2.7555886325969805	-0.18110170699657813	-0.3674588393535253	-4.009843358160117
br1	-9.804301920091595	-2.357993684360062	-1.9058196399978777	-0.6534612160016036	0.40140609561669427	2.0630831850464886	-0.8763590246874494	4.986718082384812	3.258599740150695	2.1842232982345307
bruslee	-6.60459606048172	-0.35214260188063184	-2.820944921660016	-0.45706370013687914	-2.246600674228669	-0.11735213809974283	0.7542761673960946	-0.8376708784803155	1.2078389545698345	-0.4787650535605283
cagfbfp	-8.988776252480692	-2.6024181873814354	-1.5230643747045078	-0.5902469476080723	-0.0720426795096122	2.1967239648461683	-1.1776661481782087	4.727162077357317	3.1838427714923663	2.622354794641625
car-geco1	11.324212994847985	-2.5702676806210194	4.886603495931952	2.002832802345098	-2.673939871537826	0.4945394258282932	-0.2415485902301861	-0.08411184139193978	-0.03809201826547377	1.8011157387079781
ccalofp1	-2.027443623420756	-4.798123795122989	3.710149325727993	-2.8462057690064864	5.89312048809779	-0.24381361552999206	-0.8299868404546583	1.5401011397967164	0.005935885646618194	-4.022340670606874
ccalrfp2	-2.4662787315540142	-6.417161368149295	4.223590491606524	-2.4220453828622612	2.2620813662101265	0.025053405472558743	-1.9847528066912192	1.5795971804214295	1.250163619026728	1.0394637196744534
ccgfp-e6	-7.062543576485602	-1.87180999396745	-2.6811038439001162	-3.155757901028633	-0.19270930121846008	0.3227479074707877	-2.8828860674457073	-1.3952750886084262	-1.3088468108627844	0.9669210875997397
cerulean	-8.546542141375824	3.0949131376286965	-1.684283005576979	6.758567774901588	-0.7651833587338067	2.1301790045980917	3.0661381344318	6.609473110050804	-0.44868717990687673	0.9135012703789831
cfp	-8.587530886986	4.784298035929363	-1.5287743695351335	8.764571877982343	-0.3898320812057976	1.879488763043065	3.9028340534569033	6.7108542057920975	-2.030088685604353	0.2327315797632054
cgftagrfp	5.22696818132448	-5.859282005664263	7.962524420722521	0.17925740515430408	2.867657605130601	-2.071801187638351	2.072614664316711	0.9513235828792953	1.0911313475711772	-1.5809725508781307
cgp	-6.740646643305134	-2.4752004991417396	-1.845903963637815	-3.459534908055257	1.182380583713817	0.4436628738749971	-2.9431272348811115	-0.6892551651123069	-1.014229905666346	-0.009175747564426281
citrine	-5.481422195626335	-2.898035133207722	-0.8006136821170785	-3.554582570102043	2.0054359247325975	0.26451015027289926	-3.783842938236862	-0.3986521351117448	-2.7939935949703085	1.7622912370709478
citrine2	-5.684810966453486	-2.0898262022541294	-1.6165568812667006	-2.9754578259152904	0.44540577418062793	-0.16902520607000446	-2.687010800156137	-1.5586211498502471	-2.2881317730660555	1.060812798548542
clover	-5.702133631978201	-1.746487828237596	-1.827296113725727	-2.510049890506366	-0.28628244151816495	-0.3867561152024101	-1.6805722302935246	-1.9454455226191598	-1.3929080821166606	0.13248816566432278
cpeyfpv68lq69k	-6.1070365042978665	-1.5908166650173674	-2.324554522620972	-2.788248553851089	-0.42465640489194445	-0.32361243303142195	-2.312948858911822	-2.1373688277023155	-2.0624902307300004	0.9134185561168938
creilov	-10.288560643511222	-3.3015688037147046	-1.5020518467062254	-1.489636258308935	1.329557630999594	2.317125388485843	-1.7872437758062525	5.539038016313722	3.4872545202877334	2.484562287487979
cyofp1	3.8432130509445286	-7.5111442234960375	9.191623882238023	-0.5848523507477454	4.1913231331701715	-1.0685933671409695	0.5338818876593269	2.342952703843651	1.1912246757450071	-0.8807624102474901
cypet	-8.546542141375799	3.0949131376286907	-1.6842830055769724	6.758567774901588	-0.7651833587338244	2.1301790045980926	3.066138134431815	6.609473110050818	-0.4486871799068605	0.9135012703789861
cyrfp1	7.211997626716944	-6.2565089172460695	8.266653588811952	0.1634361670773037	2.707540948331582	-0.7227466340976649	0.541383282474287	2.2017678454322955	1.4523421745934564	-0.30136521895924917
darkvenus	-5.788095850390687	-2.13290341274442	-1.6823361636145742	-3.427999920723136	1.293196694820154	0.11573340990774955	-3.6664734001031682	-1.1340967338576482	-3.322787407335819	1.9268100788990246
dendra2	-4.427845572831792	-3.125362322807722	0.8195653861923288	-0.9706393937576845	0.06512639951910139	-0.46122308930600164	0.8779861300282373	0.5162884460558406	2.5973781777924687	-1.4836761092976927
dendra2-t69a	-3.6039027427629966	-4.61562267577203	1.6596680108418234	-2.8709973892420124	1.5250190022391228	0.08831905928491698	-3.1290795444258253	0.35214111807433834	-0.9825809736697075	1.9687095728927155
dfgfp	-5.888326154504052	-2.116714206952067	-1.7142936873087529	-3.2643765327465237	0.9076745190352042	-0.09491525111119249	-3.068143768618901	-1.453911158347634	-2.674861444269908	1.1377523426791447
dimvenus	-5.812381673220685	-1.1968303611926523	-2.601586841021933	-2.815192715739146	-0.4478905594335734	-0.24711298169139922	-2.7702922931764573	-2.401982038047743	-3.1288922116361753	1.5511386422752844
dkeima	12.584167680240062	-2.3770694845281843	4.707188966233904	2.1229219103831345	-2.9897494415743626	1.0851618816448017	-0.8228870545048992	0.3149125923260372	0.19739647206864142	1.7926998943118648
dkeima570	3.378387796978906	-6.427097584821508	7.269210851258237	-1.4433339077970664	5.550120700980229	-0.8564796184508839	0.3016553634362267	2.7467707850950736	1.4464221024064847	-2.494591609943583
dlanyfp	-5.602214506094303	-2.548728738200676	-1.0382966887973133	-3.413485223620617	2.0210719534378327	0.23196054117681067	-3.6439346000721717	-0.45158341441319205	-3.056411512360606	1.7309780176477387
dreiklang	-6.026906477498081	-2.6557960066676243	-1.273609481130407	-3.677316025831452	2.0303749968578377	0.28180364379942724	-3.762333099932937	-0.48847973165651337	-2.7570031516971323	1.4779058143047048
dronpa	-5.16979423975072	-0.7599279048836463	-2.408236727307317	-1.950321299853455	-1.3059404411386903	-0.8872855532135303	-0.8431744965847018	-3.1026398020715606	-1.8271813815839038	-0.4056485752523097
dsfp483	-8.316037752925329	2.197082692562192	-2.1503528776083707	5.231202282098052	-1.5817717042462893	1.660196414878233	3.2987336724663288	5.51254726379917	0.8548468074040673	0.9719378211294877
dsred	1.2693704618443231	-6.977150479316678	7.383316827917709	-2.049133025998617	6.46631477060236	-0.9938308821403944	0.08038441916769667	2.875853102348125	1.2412735495240625	-2.7736683976841245
dsred-express	4.19634144826434	-4.738325497100629	6.938696861561358	0.9477407339400609	0.6283834752413281	-2.776862764903512	2.971367142806136	-0.896943948963631	0.205544157224789	-0.7749420164028277
dsred-express2	4.526263329856532	-4.706829882073973	7.001266751218256	1.0421715945852394	0.4288512342144683	-2.7266332412257244	2.903363876963455	-0.9811524003244249	0.08020164672537572	-0.5620806636627019
dsred-max	5.203557816762047	-4.016598043666701	6.482400018670372	1.5153444496342954	-0.9439536229124835	-2.5846767563941593	2.7895904082736505	-1.789511344496302	-0.625847394660792	0.3397715876985095
dsred2	3.5544367594118698	-3.965384857655314	6.165566324652507	0.9792206933172917	0.2917492257539555	-3.4969939686861378	3.629428157828483	-2.0731899078268756	-0.6981102635390987	-0.7964476764941553
dsredm1	5.354171576188042	-5.414689204721928	8.189133472179666	1.1748527500551493	0.8433782556399515	-2.79402344465228	2.966010573817607	-0.5414536946865904	0.5302862066153716	-1.2527052947421033
dtfp02	-7.782916924853578	1.5028817005998352	-2.345961165369064	3.948510391535783	-2.0320289151708737	1.3068508101142233	3.1180417573404724	4.379182968283452	1.5799423453933037	0.8089368308504928
dtomato	4.860279986995696	-5.969755671016499	8.205246777597317	0.369534046656734	2.3473774891306487	-1.729130477991594	1.6989703068613835	0.7874399577790588	0.9915055015086921	-2.12072450871618
dylight549p1	0.8370162813165826	-5.027618184116321	5.841363520020445	-1.2311576660035362	4.728794804601729	-2.028217910042449	1.7072858225783927	0.6338441455879608	0.5916116524150865	-4.5471785380329
e2-crimson	13.605003098412732	2.921242972678596	-3.3714662520943595	0.5080892773518774	-2.8362294935151984	3.1432697630306854	-3.2778725851660733	0.4626883654791686	-0.2391964208470935	-0.2044500581606536
e2-orange	-0.4652698185357916	-6.261019333827829	5.839119031313315	-2.7208368837400236	6.906682771364426	-0.31520509629287097	-0.7844404095571184	2.835807187315891	0.7787702672245685	-3.5620059506101884
ebfp	-7.96124593095549	31.744781460515004	17.876351164695297	4.349341076723098	6.711754945142652	-2.1799062508511367	-7.949444612549905	-9.055598273992597	9.826442561582214	2.8185514722100873
ebfp2	-7.9743079545720805	21.169515061888156	10.07900757532106	11.10447704080065	7.78324974782434	-1.4930817426208627	-6.32934057455621	-6.018644046905973	3.867310024368296	1.0174657962653892
ecfp	-8.546542141375825	3.0949131376286863	-1.6842830055769955	6.758567774901569	-0.7651833587338153	2.130179004598093	3.0661381344317924	6.609473110050808	-0.4486871799068752	0.9135012703789935
ecgp123	-6.680029338937928	-1.5334343237171169	-2.476975998353066	-2.3359286954725316	-0.5560607332953423	0.1857917331204431	-1.3711970415167611	-1.0410131297218517	0.22356609130305585	-0.3235253963459693
efascfp	-7.46343776062276	1.5334950240957559	-2.4337359168424775	3.724882688669886	-2.186198063666239	1.0925503326117525	3.227587206538166	3.8519945747598503	1.5991734781279243	0.5471612258379241
eforcp	8.500733639500714	-2.668109903648613	5.108291702527031	2.0634950003269714	-2.8013623618962167	-0.8851278579737896	1.1455930928046645	-1.568427590362177	-0.8356643601157262	1.1823930092885837
egfp	-6.048346913518895	-0.798413837317814	-2.4856704243615755	-1.111940362483901	-1.8235900704885115	-0.25299132832626564	0.09010462534382145	-1.4119448946113708	0.5424323756165789	-0.5124199064393024
electra1	-6.510127221925561	11.370589428703905	2.9762598994808136	12.797992750152797	4.595123970841562	-0.47606819293363356	-0.20721898407004835	-0.25040146416268916	-6.308687144329784	-2.2145734049951
electra2	-6.386022991587387	11.169306321388731	2.855750148265245	12.639879222939378	4.4759227893262015	-0.5119584593134169	-0.07404402552631115	-0.27477823548715224	-6.426132256511494	-2.2939371826848975
emirfp670	10.153443098866449	3.9974227443330466	-5.24855002148088	-0.3813654079298104	-1.5714624553136443	2.5220315001219835	-2.8424642059458303	-0.35984771103691243	-0.424842359638411	-5.436408900200986
eqfp611	9.587742153478066	-4.007679653521177	6.7148753994043	1.860138749218097	-1.4624131049913927	-0.6804417309398559	0.987604914117125	-0.10900708147037691	0.19479610836423542	1.4853808606662458
eqfp650	18.13279485938934	3.760118468920203	-4.4050299827880295	0.19947114092614113	-1.364186621298857	2.720680450104899	-2.537455192167724	1.9243067015251498	0.967078735480296	1.171585522438537
eqfp670	19.91337479268193	7.9556239125572095	-11.292434383802945	-2.2833776610009386	2.672393382999492	1.6369976017413732	-1.5487114704948193	3.0080528274558773	1.7311014392160178	0.3810415786860896
eyfp	-5.481422195626317	-2.898035133207698	-0.8006136821170848	-3.5545825701020286	2.005435924732614	0.2645101502729074	-3.7838429382368624	-0.39865213511172665	-2.7939935949703103	1.7622912370709507
eygfpuv	-5.177175181241185	-0.7030911125981875	-2.1987547117316297	-1.2768733183863898	-1.5988258712710246	-0.6927125251940768	0.07078481660543104	-2.3632380889969156	-0.40784592921839297	-1.0883349779087432
fast-hbr-35-dm	-2.6976565004542596	-7.42976166949557	5.382081490306952	-4.2938167895790444	8.260468128464794	0.7696032529938935	-3.4132384305957837	4.405647390062477	0.35379048551312625	-1.0160220751750288
fast-hbr-35-dom	6.38276541610311	-4.048007970155605	6.497443723830155	1.3454783835942643	-0.29891877748623014	-2.4202588389517383	2.6656577303213185	-1.146936558726712	-0.24601137514247307	0.40035783351000076
fast-hmbr	-5.952450505163298	-5.674552322683676	1.4906945217649843	-5.090249942323784	5.881508112618935	1.4859722399383055	-5.715380126124636	2.9358288388436993	-1.771902468913839	2.1170852053447526
fold6	-6.132402030061177	-1.6253296390408913	-2.174039467147111	-2.3974939392492973	-0.7480480971607005	-0.29920813892211084	-1.5483832535511903	-1.8810510503703366	-0.9288618027363478	0.27074704411759937
fusionred	8.08439078910047	-3.3470736663381264	5.898847865572154	1.8877924343731773	-1.9376846026715175	-1.458466323746033	1.7395898914583943	-1.3037783034976116	-0.5596967878693236	1.4688657439418014
fusionred-mqv	3.093047394333491	-4.5433952229520695	6.421025383327108	0.32128249285358945	1.8324021826906458	-3.115479245275657	3.083227441591663	-0.9651209177723734	0.029418341189513284	-2.141051202500969
gamillus	-6.265743708367215	-2.375663269609841	-1.591417363308582	-2.9917186199219064	0.4527264219654068	-0.02546089826124215	-2.464895959201023	-1.1344426414663962	-1.3498006987340185	0.8191342183878622
gcamp6f	-5.384581954690912	-0.8074452986540298	-2.3660332497640275	-1.6951091491723558	-1.4735745858688236	-0.7779000571334955	-0.3625560054490203	-2.7067139769663133	-0.8924123716793875	-0.7636897590103379
gdt	-6.572589231540382	-0.05569510070801468	-2.577345076709675	0.6563160262245996	-2.2977937321101383	0.3009224033833374	1.6172083417464032	0.8011588061023928	2.0567963290675104	-0.07959990089301187
gfpe222g	-6.464002163348665	-0.16400517065891446	-3.0673321853730724	-0.4895948015040715	-2.5916499763607117	-0.19174145044491714	0.8269143392415979	-1.2213548222386992	1.1429514473700533	-0.5006620199164465
gfpmut2	-6.42363418770136	-0.48649101677852663	-2.573794400837645	-0.34791339953776484	-2.193116758863446	-0.06541464109847665	0.8367152356630414	-0.5711692344099721	1.3060032949179883	-0.29505622183157904
gfpmut3	-6.035197032383286	-0.8766139822480098	-2.4124826024545016	-1.2735922357894276	-1.6278598274056857	-0.36283662021614904	0.026242737891818625	-1.5778540235883696	0.3579658477359849	-0.5968552824105936
grvt	5.200565362365533	-5.370868734568849	7.267054431106462	0.6717736646480841	1.756933465520621	-1.659644729784959	2.070917752002707	1.2532355665141477	1.6260225209016872	-0.8854080284569564
gznp3	-4.937304797214697	-0.4713624885587736	-2.474579364557797	-1.573284642947827	-1.7712791526204303	-1.0624737170946745	-0.07678735712908041	-3.395360286388718	-1.2284400462308396	-1.1771342218736396
h2-3	-4.960219403639256	-0.8488425380454737	-2.1372517484767	-1.871260623456985	-1.0712373190005795	-0.941478876448659	-0.5295619125459067	-2.985645859743243	-1.5065647956921229	-0.9567864698445148
hcred	15.026297366295198	2.3931069152383815	-2.1188720624343684	1.1889100486035784	-3.6065949842460996	3.1453669779418965	-3.0513605950528637	0.45670884955829033	-0.11190494021733115	0.41171030078376897
hcred7	12.69450092248922	1.8730972801349726	-1.253242965884949	1.7047003380399939	-5.290583071195447	4.340521771945318	-4.44020620564854	-0.30714046598082956	-0.7039099588583897	-1.9836230348116952
hmgfp	-5.336984702943848	-0.9520297674279636	-2.26678486763616	-1.939659206722964	-1.143947299646173	-0.7863399694692299	-0.6736349433149508	-2.7524016290541202	-1.2310693678896731	-0.7321269156239966
htfunclib_acid1	-5.898765678249394	0.2832163841128586	-2.421364434036053	-0.975827868918121	-2.2193896510572046	-0.5764010308165989	0.4647034590652116	-2.2157488241688927	0.7078857702066983	-0.8782478538829981
htfunclib_acid2	-5.653644378634734	0.16499536156164518	-2.4270408780689467	-1.0055583692712067	-2.1620007775338004	-0.6953436266134082	0.47914733755671596	-2.4460974871942955	0.39098872514815886	-1.034732995743666
htfunclib_acid3	-7.1125123814177	0.07058755547513813	-2.8842821303552295	0.689796493326392	-2.535818341102256	0.37441568829104677	1.5882394002517655	0.7852751468036375	2.0625164113886405	0.04009378015234129
htfunclib_acid4	-6.3712382659483735	-0.8626576500722029	-2.62938349280835	-1.3073865874815003	-1.7995667577904964	-0.25650695343411656	-0.13252450853787745	-1.4961688302174865	0.39072022553834657	-0.2702988999808753
htfunclib_acid5	-6.592096788171311	-0.503156109633346	-2.78903875582605	-0.6367618682661798	-2.219945133635544	-0.1091521065767699	0.5610556659349941	-0.9130271931557115	1.0958998587166668	-0.3066830457101276
htfunclib_acid6	-6.636722607996895	-0.6003874436609641	-2.7602709580306732	-0.7618197117787638	-2.1103122595385115	-0.08719597346607559	0.38345657582728937	-0.9179849543068251	0.9827615097110818	-0.22511134858912582
htfunclib_basic1	-7.313420276972992	-0.1527787725001588	-2.681059469152185	0.3975660037196036	-1.952441635868324	0.4318615914268846	0.8083653002371993	0.6706161991959063	1.2316480424318343	0.19081979037546648
htfunclib_basic2	-6.046338938097148	-0.8023524434326545	-2.544422989804939	-1.3540094296538556	-1.7355700764974766	-0.42587478645783405	-0.11456380091328977	-1.85934604877464	0.03751773680353228	-0.4832158547979043
htfunclib_basic3	-6.890662603574293	-0.07823675551993557	-2.8123203978505456	0.32414348673134535	-2.4062846188575673	0.20041656117033405	1.3129144517723892	0.2381217560893592	1.725918620798209	-0.14723288040693608
htfunclib_basic4	-7.8095906190295015	0.2868213330280207	-2.8806844231921334	1.4291635708883317	-2.3670665595733444	0.8548851784891761	1.7080324161988183	2.1021178119332435	2.152989852819372	0.5684026411682171
htfunclib_basic6	-6.559236435893537	0.11201101154139279	-2.5985727796684186	-0.06041562983049168	-2.344291533442281	-0.0854278670097869	1.052921024606992	-0.620042567182373	1.5191230643818336	-0.4095715651122666
htfunclib_bleach1	-6.589145786958267	-0.4374397791319029	-2.8009371864441026	-0.5354020126156825	-2.2655916942153222	-0.10281067468351768	0.6596756244494459	-0.8590957812845958	1.138834966164208	-0.3280937320190046
htfunclib_bleach2	-5.869531005147276	0.021005380438496375	-2.6652410894303435	-0.7121067858666921	-2.333856559447301	-0.5375129501259236	0.754301169053975	-1.9578442357620607	0.6364770692560603	-0.9500950351724895
htfunclib_bleach3	-5.940447984320556	-0.9873254915167085	-2.423616766191032	-1.6684182903852252	-1.4121757469393479	-0.4533983076681573	-0.5307695167632208	-2.0110441635261456	-0.44423206906938206	-0.33647635329724623
htfunclib_bleach4	-6.730221113672567	-0.2987481637128103	-2.83980178338356	-0.19705772560541485	-2.4004116851000705	0.016940214073733906	0.9729632741347568	-0.42848889356037057	1.5186678948948613	-0.2688059657844154
htfunclib_bleach5	-5.587961582119506	-0.11803094880120524	-2.5278059211239463	-1.1071401629982798	-2.121768514244577	-0.7152270556428278	0.44028237090927624	-2.4764374751997473	0.15369723206354222	-1.0804434733115167
htfunclib_bleach6	-6.2859865765722525	-0.8615956807095038	-2.5987789254589893	-1.3584469395712981	-1.7321851590615067	-0.3021841360858906	-0.21736906933196465	-1.6142517289854512	0.15594481523373166	-0.2616050352814418
htfunclib_em-blue-shift1	-7.519980070478895	0.415933549921494	-2.789944187816706	1.2658721181254764	-2.424163960165176	0.6614452125571911	1.7303572208910805	1.6039765578606786	2.1692341477218657	0.3313225254871633
htfunclib_em-blue-shift2	-7.1663064132062635	0.045295453569551704	-2.8883842294886897	0.63839897692941	-2.490196916890073	0.37733623134289385	1.472676380897847	0.729833099157342	1.922801929798689	0.05460732590041623
htfunclib_fast1	-7.549900058381279	0.40160806778078845	-2.848643807000462	1.5098319611295667	-2.435408600160331	0.7353386527171173	1.905855985189827	1.9145000651021475	2.1175819942689746	0.380235784929987
htfunclib_fast2	-6.65720529461215	-0.4269599336926918	-2.7830076551195986	-0.4609290941860345	-2.219830678085063	-0.04693549710805169	0.6626491127380132	-0.6978267668229995	1.1348935865529337	-0.26470377890444735
htfunclib_fast3	-7.412038931078552	0.218967738672733	-2.880833085049111	1.065603393721972	-2.456824427395669	0.5667539692586412	1.6392021904349285	1.311502939467621	1.9814058125392735	0.23249534265669478
htfunclib_fast4	-6.707239015163342	-0.3877698070651526	-2.7849228127303123	-0.3169858524456393	-2.2837880317746366	0.007413232754406231	0.8320372638975096	-0.47770468360607704	1.3972787724547913	-0.24686913437035532
htfunclib_mid10	-6.536499160036011	-0.40644729038704336	-2.7994393614925266	-0.5233061487285884	-2.294640078614825	-0.13775925756209573	0.6934333350324362	-0.932172299255208	1.111457733713637	-0.3680818125559766
htfunclib_mid11	-6.476548404633539	-0.4348867374862288	-2.758898865548411	-0.6272508747473184	-2.2329773499947216	-0.17873259354559154	0.5991966033727704	-1.0639474303789098	1.013124930129718	-0.39794298271891654
htfunclib_mid12	-7.119585909460195	0.06492322375321244	-2.856914472700641	0.6479594932881086	-2.4491371976376546	0.3534984928518613	1.4612415669714978	0.6743780820826109	1.8506855411174665	-0.0018753045688805411
htfunclib_mid13	-6.620179202736186	-0.43491752107174814	-2.7765038679626923	-0.45947549969766593	-2.2540037568218487	-0.05481859686302223	0.7367583111856925	-0.687562809819921	1.2949492703474386	-0.3133821012501648
htfunclib_mid2	-6.973092247305741	-0.6621326226116653	-2.782231855993124	-0.6852051521786685	-2.019877249590996	0.12145693405510245	0.2644929650423577	-0.44467563794089454	1.110705783698251	0.07325586838394489
htfunclib_mid3	-6.040217796237694	-0.9542792396376737	-2.4769136018260025	-1.5820229697882884	-1.523147789093449	-0.41833369518438307	-0.4199569572425544	-1.9195679081432584	-0.22886271478960624	-0.3548773502958372
htfunclib_mid4	-6.446665505132848	-0.743579127532414	-2.6677974636246287	-1.0936125536671735	-1.8812835483118875	-0.2025995228845373	0.022837840183151534	-1.3000906472149028	0.46485099055725987	-0.2196591426392559
htfunclib_mid5	-6.214590112267877	-0.8869075096892471	-2.5402907378445994	-1.3968528920718912	-1.631299491614727	-0.3176858315861311	-0.2694749718537627	-1.6367586172161404	0.03646120695054326	-0.27875628009143755
htfunclib_mid6	-6.051871149453198	-0.9276134387043395	-2.4756632014741577	-1.525858723289447	-1.5225561545149873	-0.39702691754472846	-0.38642989104595155	-1.8428991423593863	-0.21954803172653345	-0.32456838212230943
htfunclib_mid7	-6.465558133670305	-0.6416011623705703	-2.71737238713445	-0.9294269299622292	-2.029406779140226	-0.19466944638668576	0.24449599275126166	-1.22216330557168	0.6914643518896553	-0.30031828422918194
htfunclib_mid8	-6.6366290394183	-0.47996944213915427	-2.7826970507123727	-0.5690722859577965	-2.207166221577643	-0.07562736335079946	0.5824820772046985	-0.8116714573845181	1.1142997510232626	-0.2762823501615636
htfunclib_mid9	-6.226382943156153	-0.629795895917363	-2.6718117282863907	-1.0349308564750515	-2.0050517323997714	-0.33888623346204355	0.22040312020931035	-1.5744542821047847	0.45698292710730243	-0.4742455507212033
htfunclib_photostable1	-7.173064930926306	0.22048369745619267	-2.6733547335932313	0.8507107531406468	-2.163825412175253	0.3805008316475734	1.2785511067655382	0.7382342101006228	1.3904161702423665	-0.002607032436323952
htfunclib_photostable2	-6.1985565667799385	-1.038424130322709	-2.471732087969665	-1.643314310927929	-1.4020920573983495	-0.3180697402546154	-0.6364327236514031	-1.71762117150702	-0.33778871299177965	-0.0692373042898604
htfunclib_sfacid3	-7.080209150045142	-0.14448324598175957	-2.8921066714616495	0.2612703635573591	-2.4625613994583486	0.27542085779012315	1.2283079044046823	0.33784694081113237	1.8627109833671593	-0.0018846390981597477
htfunclib_sfacid4	-6.431886413389217	-0.8935548525777857	-2.5938889005064025	-1.363629825966914	-1.7134805050585769	-0.22203386593906965	-0.25461521047192315	-1.444135157342629	0.3438112512665914	-0.1787111100667672
htfunclib_sfacid5	-6.525315865321784	-0.5789722199869693	-2.7100261503610352	-0.8877446524432171	-2.065748529519874	-0.17124324560002682	0.2796024199177033	-1.1687288017881603	0.8369955801290617	-0.2869225322961735
htfunclib_sfbleach1	-6.474085860450554	-0.544022206512396	-2.730854746631964	-0.8213441064931444	-2.1187340236378205	-0.19364845524502408	0.37417108667217425	-1.1872422500121718	0.8324254421139544	-0.34090458178626204
htfunclib_sfbleach2	-6.4291859637810935	-0.24894070969624396	-2.6876652693942766	-0.5229468529334848	-2.249732392255262	-0.20866659513370084	0.679362997316906	-1.1045138340493554	1.0494507419223396	-0.4550853764453063
htfunclib_sfbleach3	-6.362528213793603	-0.5461053979863814	-2.6236401577006516	-0.9957499129069911	-1.9757645096372898	-0.26835775013856955	0.17164904153226715	-1.4273608282601031	0.5913016063895671	-0.3572100594815157
htfunclib_sfem-blue-shift1	-7.213930673244064	0.03086754656181434	-2.740000040694659	0.3437888385651012	-2.309650573889558	0.3454961100658738	1.105734057810001	0.4881393097985789	1.8335969132156096	0.11492273702288736
htfunclib_sfem-blue-shift2	-6.784127616003153	-0.23578743635264077	-2.7847577555294096	-0.1199068750757827	-2.3184468017640976	0.06615285236222211	0.9485048357734354	-0.2945448601475614	1.469213076489454	-0.21448534135610273
htfunclib_sffast3	-6.4774824048099795	-0.3477011299504727	-2.749969261174916	-0.5286675127955762	-2.256574695565068	-0.17349603247591383	0.6707387908415262	-1.0187684759442273	1.0248352807648673	-0.40654361284039703
htfunclib_sfmid10	-6.43271887142452	-0.5060502991429955	-2.7568889192975097	-0.7298718057691358	-2.189487036648615	-0.20841242739400032	0.5093976568814393	-1.1688033986179467	0.8918043051899226	-0.40513448471183544
htfunclib_sfmid11	-6.4540312187409015	-0.3227763018438297	-2.676682674100281	-0.6357563756662334	-2.1948306917249525	-0.20367944316884348	0.5565444590143566	-1.1413368623920301	1.0055644424614911	-0.40687618554977384
htfunclib_sfmid12	-6.42539762176861	-0.3402033770086032	-2.730600014047906	-0.5500437679872064	-2.2551027241052486	-0.20097876698193495	0.6840588747199106	-1.0811458134780276	1.0322155671453561	-0.4575003166442896
htfunclib_sfmid5	-6.286685646135011	-0.6635095487081302	-2.5593327837659854	-1.1990984527759345	-1.822045236034162	-0.30725719135821894	-0.03960125584117385	-1.5770902897006898	0.37471107522652924	-0.34312085890454525
htfunclib_sfmid7	-6.382677397041259	-0.379253836231756	-2.731180242178904	-0.6347953603320068	-2.2384454035667973	-0.2363564386478178	0.6190280652737753	-1.1977188227906999	0.9469375730195658	-0.4746743864374688
htfunclib_sfmid9	-6.235772881193073	-0.6473922295076239	-2.6175125670016715	-1.1502696359811457	-1.9260701963496554	-0.3418858600098216	0.07893521570560372	-1.6374879539401628	0.4168782060568545	-0.4268950729269437
htfunclib_sfphotostable1	-6.382524073213449	-0.3659318213794647	-2.7089736869636245	-0.6028163216803836	-2.2184462589701934	-0.22153082215969586	0.6481361196105503	-1.145443810150794	0.9898448256275482	-0.49584726490484743
htfunclib_sfphotostable2	-6.599092014815065	-0.6560354956935827	-2.6894081505983434	-1.0474571558218133	-1.9588777092073433	-0.14748670292666327	0.024321204763556332	-1.2077909069323605	0.6666388975182012	-0.123153663953645
htfunclib_sfthermo2	-7.2348268635883874	-1.280813915829022	-2.690478090225521	-1.7268273239965097	-1.3768567323149739	0.20478231020872856	-1.116241025597551	-0.7456163954433044	0.2824385864014067	0.7887823951642141
htfunclib_sfthermo9	-6.659877993226743	-1.3001234447802261	-2.5504098606303267	-1.9063535432439267	-1.2404620922702352	-0.07528309391030831	-1.1148750939252756	-1.3499294574521565	-0.2577696214236209	0.4284969834694454
htfunclib_slow1	-6.116767182883176	-1.936930403315262	-1.9653609212882142	-2.9069181177013683	0.10522161144254946	-0.13108163952002677	-2.533470352375587	-1.5934428922334525	-1.959007866027733	1.0425624009760228
htfunclib_slow2	-6.973637362883831	-0.31294312195667295	-2.8655210623541882	-0.11711703438010787	-2.337172167106508	0.15978451918740724	0.8772627571001841	-0.11022847814954553	1.503775517143548	-0.043877232352287805
htfunclib_slow3	-6.456655981438321	-0.3796148629081539	-2.7725091978522602	-0.46799005332441795	-2.3087920408599825	-0.15835671503174104	0.8066923196998343	-0.9178802605912293	1.199929360708403	-0.45384249514265174
htfunclib_slow4	-7.278287657314926	2.805510975678637	-0.7992536924896737	-0.8963373518028228	-1.5243077915056888	-0.07049447999655667	-0.674914434682336	-1.522953288927616	2.3856338907179104	0.4509082317026927
htfunclib_slow5	-5.861958391202334	1.0754936429662612	-1.8000214130594545	-0.8118588807146867	-1.750968298458644	-0.6818703115850047	0.052841581834815826	-2.559746846947136	0.5335856573997912	-0.8301446054767204
htfunclib_thermo1	-6.322053915143968	-2.069446696287979	-1.9565585550848341	-2.9893435094241667	0.23217974025724186	0.01214196112149085	-2.7229456447066434	-1.3061112385194416	-1.8590462699598445	1.2743536743151727
htfunclib_thermo2	-6.2155603945122	-2.072989149975033	-1.895866827624489	-3.032934346161624	0.37188059767113024	-0.011810258247255132	-2.819657549642253	-1.3203463896708398	-2.0887767826837886	1.3413203644311782
htfunclib_thermo3	-6.163658619000354	-2.073029388267674	-1.8789811813657011	-3.0302934071408356	0.33803645382102754	-0.04728565577692322	-2.770118479021276	-1.4066674769995817	-2.0721252676229147	1.2479886328291603
htfunclib_thermo4	-7.654487747651341	6.023641702853218	1.2569324214573818	-0.5575024806201209	-0.9738262842986442	-0.13497942290002865	-1.1761530578677666	-1.9037921345913915	4.105028530203546	0.851617019493108
htfunclib_thermo5	-5.986868984209089	0.32437298558379385	-1.936753600731245	-1.008492286506602	-1.6197802936642611	-0.5347369119280561	-0.07040181835423649	-2.117964288543337	0.3860242006842556	-0.5896791704163997
htfunclib_thermo6	-5.5072276321669165	-0.05879579088813509	-2.4698249950436884	-1.0877959641934214	-2.0014041032604406	-0.7744103923311243	0.309459651564828	-2.6553915223903037	-0.11790572754656875	-1.1148973187531015
htfunclib_thermo8	-5.645069915117131	0.09276212794591818	-2.4404980973665005	-1.0842928444999511	-2.0873139904905362	-0.7070670601673646	0.3392331439841115	-2.5228955304289107	0.12507500944990035	-0.9995755433840506
htfunclib_thermo9	-6.28541248044533	-1.6218430276730829	-2.2369959114100824	-2.480898387285563	-0.5515643704692356	-0.1894249188934989	-1.8553876696697769	-1.707518066593821	-1.2547644636569233	0.5969689134593806
hyperfolder-yfp	-6.062819613882368	-2.8794514826223425	-1.1374293641491573	-3.617342498955288	1.637452555378133	0.25815669134576663	-3.7525472246939247	-0.5633328965780959	-2.5332435314697337	1.8916933790271298
ifp14	10.666345991066994	7.626798102011518	-11.93449705940206	-4.24517367774165	7.4715340728993365	-4.79716355558135	4.895062478277433	0.010554007334119495	-0.022273053962890203	1.8520207055026767
ifp20	10.393972454057879	7.403032946739607	-11.561935961930036	-4.09401315666355	7.166220291222995	-4.733179686699833	4.826693826667485	-0.1619959487924115	-0.18438050187063618	1.8898795324791893
irfp670	12.038226577196681	5.771500483865834	-8.21440189545816	-1.6267164950631456	0.9911350561502316	1.4329016275157593	-1.6831258934761164	0.5271392699691597	0.24614495716786575	-4.5464050964921405
irfp682	10.878388100202894	6.10716923838865	-8.9972227599396	-2.2848972227062534	2.54365586672553	-0.028426502665976655	-0.1992719555548766	0.24946914225813482	0.17278085161551313	-4.250890347881786
irfp702	11.31644527658423	7.64671139307794	-11.850930141400639	-4.0077487567965155	6.768002421463421	-3.789469318770673	3.8278614046088606	0.32259908728262815	0.21812335228789193	0.5861231040241809
irfp713	9.764437636112392	7.358189577274339	-11.598055104428292	-4.296919018682197	7.780422861494308	-5.624338444334242	5.773691585223704	-0.42652066107013764	-0.3686642739590483	3.066396853766187
irfp720	9.448590827452083	7.403791976662446	-11.753089068583593	-4.502581067812703	8.3720397254893	-6.380825029833088	6.586580528699047	-0.5824848422306873	-0.4998976420262319	4.247843972755001
jrcamp1a	6.660197144618546	-4.291620907545573	6.589460149171005	1.1658768643070139	-0.0761439329574058	-1.7693272619119573	1.837300965225072	-0.4944746774220425	0.06289618385845078	-0.01174512405725194
jred	8.641476742410894	-1.851668897410663	4.0543341702197315	2.1187421608675456	-3.4828686188329474	-0.5611932606485294	0.8391765735324695	-1.976495374501892	-1.3679166540679608	2.14392171392932
jrex-geco1	7.122854369237061	-4.8716670185881465	6.832535824727264	0.8260547621393246	0.42797854999682233	-0.9564836803237471	0.8632248404864782	0.6329829957250833	0.6915870235466206	0.3557666575727441
jrgeco1a	7.879969821704072	-3.495978439574098	5.826977174895633	1.4685256053618028	-0.8925837736648511	-1.6283075009003316	1.837913640581192	-0.7933345044127939	-0.09579739436757145	0.6024846393714176
k-geco1	8.484597019671497	-4.06002652544346	6.557265475535167	1.4731304846746438	-0.550244863929881	-1.378233357583632	1.5976787693863428	-0.18407458186294515	0.3512726102925552	0.424377896107265
kaede	-3.720229695654237	-2.2656095781954626	0.06745488543402516	-1.7075407998399426	-0.19363318946475483	-1.7072721866054428	0.0011864657301860731	-2.3815766695715554	-1.170812362823792	-0.5818011197595029
katushka	16.019465037245112	2.021648819790944	-1.5263025524052884	1.255413049292365	-3.1575747414727204	2.43460607394878	-2.190367691614911	0.6650228437364266	0.05881882672669737	2.1654260142820076
katushka2s	15.232862769701807	1.2420450235951692	-0.3323497441472549	1.55356505330296	-3.4914892759131786	2.2207148362727502	-1.9598972238139516	0.36691211231989623	-0.09611100785580351	2.253213804025201
kcy-g4219	-7.7927727877064	2.023661484298974	-2.4287005077620485	4.548913450115999	-2.1347509250379395	1.284822370877221	3.4781975227592596	4.457241464999395	1.315773655394148	0.601064313873322
kfp1	6.206037282409464	-3.6638680218160284	6.051051004404396	1.4716701105069816	-0.9298311885077923	-2.194278081184081	2.4115849015014903	-1.5220588221582443	-0.5843583457054453	0.4413011051957629
kikgr1	-1.6725407749297858	-1.1267676815374708	1.0473869349905252	-0.03524132959617511	-0.6709598817138018	-2.2409457034469926	1.4916005808664021	-3.091922410479033	-1.6467849981450091	-1.0238007542493641
killerorange	-2.086107300824375	-8.348182223875424	6.379792407365316	-4.196455271156994	7.884438063993592	1.3454146200597994	-4.406817703783654	5.076830987380247	0.32575825813616965	0.65314341781274
killerred	6.7702423060718315	-1.919594143170789	4.291939827878908	2.488033600875655	-4.789488384259492	-0.15959279597816547	0.37820777039286235	-2.980092956618302	-2.261946681848898	1.887132263432167
ko	-2.335626279433872	-4.703130842006483	3.525120941352209	-3.161292814382199	6.696618382888666	-0.14166483610548328	-1.018402539076425	1.7989951787476344	-0.17421243608739356	-4.560314935505239
kohinoor	-6.045888411599792	-0.623168032348416	-2.782870881585198	-1.3015930052015996	-2.17393127334561	-0.5445712525424202	0.00863232474272787	-2.2200184610743743	0.05284918709870582	-0.420806153464746
lime	-6.159749375716002	-0.6383822607660361	-2.6445698708172474	-1.0601301306009563	-1.9319654140384703	-0.36371590238857465	0.3426916409406384	-1.548113204194915	0.6641197944875544	-0.7148155826083887
lss-mkate1	12.841063912148584	-2.58980460963527	4.128582526652664	1.2678931192240803	-1.5031013873008154	1.57207907566962	-1.5790409829811551	1.736881509049348	0.8943797272729053	2.2583500368358473
lss-mkate2	9.588142317719576	-5.497255259355313	7.468689433563585	0.6868390524222269	0.908221971496221	0.4433275276958424	-0.6772099999731415	2.319889234774856	1.2985908982229073	1.369582459337346
lssa12	-6.066877014656057	-1.1216479228193692	-2.352769655308293	-1.6424481138053528	-1.4220299452946634	-0.3546693621268691	-0.4657334559096033	-1.7637091987834936	-0.016667280735225182	-0.35878403014737736
lssmapple	10.165716013716514	-3.427518459779543	5.750462586387387	1.6318194573969889	-1.3868254387903407	-0.4522749194846622	0.6359712421237352	0.10487055589566714	0.22918691699304347	1.591857657639811
lssmcherry1	8.968505356665371	-4.351324578174689	6.983257943385007	2.215824447431909	-2.7337224675558516	1.128640284368399	-1.1414157916122916	0.4834295851784882	0.10566770039615285	0.9396729347181573
lssmgfp	-6.143930460922162	-1.0938992638544986	-2.386502394500707	-1.5693285912558157	-1.4843524190206636	-0.31739255986127035	-0.3899835380734601	-1.6611792856906218	0.13463826898768594	-0.34840041464564825
lssmorange	2.742676104485025	-5.66382929964719	6.312645251007096	-1.45016513364783	5.627982580153113	-1.3275277730306814	0.9927892030190809	2.3878811038373002	1.4192819789617461	-3.0341745994098
lssmscarlet	7.991250960857768	-5.555035720277332	7.683425534325356	0.6224203724286529	1.4763206431889266	-0.7238530119512533	0.6059530914334856	1.5949436305407503	1.0903128376155606	0.46598924817917187
lucy	-6.350538349886251	-6.391406985807468	1.7546501153825698	-4.589247357934413	4.713139944363933	1.8965861044948995	-5.412548653099833	3.917928167558863	0.42307215115928004	2.769577279310738
lumazine-binding-protein	-7.900003416494305	7.212411954096173	-0.6159771102829192	11.020640342462734	0.7391021902055617	1.3381175588074044	3.4595251729043603	5.224120891271422	-4.574678153356025	-0.7533473258258598
mametrine	-5.396397946245126	-2.3709919845784877	-1.091004398189394	-3.097312973816317	1.2273874343425075	-0.0907058776999739	-3.036302814799219	-1.1130812776072057	-2.6494379649255015	1.2517780356288195
mapple	8.267806963611529	-4.250960624320193	6.790809930562729	1.4149740924598102	-0.23911947245495285	-1.7053218058455097	1.9321216941355044	-0.1704663751977486	0.4513117987181196	0.40966926884428007
maroon01	17.617955676676644	4.623258059881786	-5.696668124193779	0.01222335322796325	-1.6945360863348475	3.3140142695135535	-3.245691801240722	1.71028974045823	0.7220143304713641	0.0968257037917419
mars1	8.249044663869263	-3.6955483877511983	5.963707045599757	1.2122699809884487	-0.01706742700564173	-1.7773442017225365	2.0364939630307117	-0.2691296994789458	0.3373863996576504	0.31892842851515757
mavicfp1	-6.152240311991088	-0.43137021288458316	-2.689708028227237	-0.5431387744896383	-2.4126563030682364	-0.27650963546697416	0.9727258000765967	-1.1430383959537556	1.4943487052626958	-0.6898762715860521
mazamigreen	-5.352769053978014	0.09611950798650688	-2.7558506135507805	-0.3697311070949356	-2.6926932986425696	-0.8228822439559179	1.423965289297488	-2.31491217503602	0.6692187535008929	-1.4451508800144155
mbanana	-2.0598486392407516	-5.878153722090072	4.321912547613875	-3.488648041108852	6.694713396441099	0.7912312085814265	-2.764495569534682	3.0010786442646142	-0.32974936603327504	-1.7960209726734864
mbaojin	-4.983403360775355	-0.5838335944614063	-2.219552394109898	-1.226304161526145	-1.6800439293390832	-0.9040623148329354	0.43944266837830687	-2.610092062145525	-0.26680459926739003	-1.3592246151754996
mberfp	9.938777554164457	-2.4984176980657127	4.8764156785446895	2.343786990164822	-3.9176473735470925	0.6382404975786601	-0.4345140890904143	-0.9826505828301256	-0.7747633331610927	2.188806070612785
mblueberry2	-7.091204503403947	10.243344181809453	1.796675719104186	8.867314553636918	0.2930370733646935	0.6730434447159485	3.3297370134972533	3.6981080265958117	-4.8440004919447714	-0.9463410197605046
mcardinal	17.10106085694942	4.432032669966268	-5.496285128656142	-0.06335771097076473	-1.4634770410185443	3.1883568294971125	-3.157032041176341	1.6958708816238974	0.7999329958576441	-0.6585027740557958
mcarmine	16.587156847645108	6.764405651922669	-9.46291077487455	-1.6388589381785936	1.0302807925700703	2.388371859526187	-2.500965748037269	1.9446915607588482	1.0694687268880105	-2.631045542559917
mcerulean	-8.546542141375836	3.0949131376286827	-1.684283005576986	6.758567774901559	-0.7651833587338164	2.1301790045980926	3.066138134431795	6.609473110050801	-0.44868717990687407	0.9135012703789894
mcerulean3	-8.0834328036547	4.422958292413571	-1.5049224205441214	7.944691528434739	-0.4070991165584179	1.5970733985162375	3.6318749107006894	5.849654975587173	-2.0710199494509824	0.06302251947189837
mchartreuse	-6.10216105423866	-0.6326503803894196	-2.5503380513405585	-0.8821488785370645	-2.053127182294519	-0.3547986427637663	0.4572628255723491	-1.461919506853253	0.6963991667117071	-0.5854515099393719
mcherry	9.115601376667083	-1.3743905430838883	3.301036718883431	1.895786345752962	-3.172005959276725	-0.4669387688171482	0.733563815672961	-1.758157329914236	-1.2289186065594848	1.921308935070602
mcherry-xl	6.019091731648193	-5.0928606657163975	7.844844605772341	1.438578609187788	0.011340519498571438	-1.807028903210711	1.9702958791928593	-0.3593080033548548	0.27831075516914205	-0.6783305624482413
mcherry2	9.914054240425186	-0.7676944717069637	2.488518732873999	1.8661539642240725	-3.4111382142586106	-0.08199512370910919	0.35122804326807056	-1.6482484482955808	-1.247291254016128	2.1370183391719046
mcherry_i202t	11.00785973271756	-0.927608854873002	2.6776630526262775	1.8433068530588828	-3.195689022693924	0.35382127217323867	-0.07760883031458282	-0.9698036745808571	-0.7884162808271848	2.245322713581572
mcherry_i202y	12.233417595952503	0.15352745210754162	1.1703852005619448	1.7211264092950664	-3.5534078811324146	1.2548373092175236	-1.015109466999539	-0.6789237515187029	-0.7487093972011591	1.9592524613076214
mcherry_m10l	8.353699247341691	-2.5496376270442136	5.202794939770877	2.5635705173406373	-4.3234072775576236	0.021116834044109977	0.20727669372479288	-2.006398096195668	-1.3016654449416167	1.1615751132446066
mcitrine	-5.481422195626325	-2.8980351332076975	-0.8006136821170852	-3.55458257010203	2.0054359247326135	0.26451015027290586	-3.783842938236865	-0.398652135111731	-2.793993594970314	1.7622912370709463
mclover3	-5.702133631978168	-1.7464878282376128	-1.8272961137257058	-2.5100498905063717	-0.2862824415181592	-0.38675611520241654	-1.6805722302935249	-1.945445522619163	-1.3929080821166528	0.13248816566432228
mcrispred	6.245103656601853	-6.573255312378243	8.254544553819098	-0.18601403571181135	3.0623339158042935	-0.5486625043526279	0.09047212808065144	2.420282441183632	1.3398889629006046	-0.11563489729408667
mcyrfp1	7.255287827741255	-6.54531794372589	8.34987882427371	-0.07736234603101919	3.039892282068792	-0.2964098971552536	-0.05005102744409622	2.730065793326242	1.5601271820438276	0.009234165988981908
mecfp	-8.546542141375836	3.0949131376286827	-1.684283005576986	6.758567774901559	-0.7651833587338164	2.1301790045980926	3.066138134431795	6.609473110050801	-0.44868717990687407	0.9135012703789894
meffcfp	-7.5170387541022015	1.369388262200776	-2.511641794575948	3.446188105224088	-2.2707413205387	1.067570441226747	3.0974743454268667	3.6652113739402963	1.7849952430257747	0.5610227856384925
megfp	-6.048346913518881	-0.7984138373178139	-2.4856704243615773	-1.111940362483899	-1.8235900704885106	-0.2529913283262655	0.09010462534382187	-1.4119448946113689	0.5424323756165819	-0.5124199064392985
melecfp	-8.012283852914544	2.3437294855745807	-2.1987331677165436	5.256581518128905	-1.7139944097978506	1.5128078443237911	3.505190081469072	5.211067112327714	0.7361718347914791	0.7552532179344837
memerald	-6.048346913518881	-0.7984138373178139	-2.4856704243615773	-1.111940362483899	-1.8235900704885106	-0.2529913283262655	0.09010462534382187	-1.4119448946113689	0.5424323756165819	-0.5124199064392985
meos2	-3.003084040453672	-2.7522852493197365	0.42415868574550714	-1.7714118244258488	-0.32495269660545173	-1.242768806669621	-0.7967648512161123	-1.7519254093786272	-1.045721414649438	0.5562849255466118
meos31	-2.6206568146351388	-2.425930728399181	0.47699545828809453	-1.1741150563692166	-0.5493738274062904	-1.4152878794354236	0.6591978375652198	-1.671415206632308	0.43305146685932605	-1.0485258419833725
meos32	-1.0887603036937803	-2.4144692857914407	1.4145352580727866	-1.0897803341423635	0.655730437744956	-1.649876738745234	0.7623664724726603	-1.5492837514209048	-0.6075326199294465	-1.453420600250916
meos4a	-3.8383166741514128	-3.036036738711772	0.591785604973388	-2.002317386720751	0.1995535587996087	-1.2320750939901461	-0.7015325629308892	-1.6328537760440445	-0.8462077679093002	0.08758552973339198
meos4b	-3.8055827548676993	-3.086392375617394	0.6621317053725349	-1.9917177650086662	0.2167598874718656	-1.2364642482560637	-0.6824075768767148	-1.597600511568907	-0.7965182757953587	0.08464943661733183
meosem	-3.467121790561459	-2.7650667425631448	0.7593676456204621	-1.2255549705385937	-0.45196151540385204	-1.4979927795494141	0.7325157883007534	-1.6232567592498002	0.5531530565092676	-1.1885577016505062
mgarnet	17.078706813609383	6.0431191302639276	-8.130389443938908	-0.9471738011868981	-0.2913586687605836	3.110975770523029	-3.186691986616854	1.8885791266393765	0.9395042916629078	-2.0601165054844626
mgarnet2	16.764018212411973	6.2800085856351355	-8.568593760313451	-1.1557424917306245	0.03262100233022777	2.9970960426791255	-3.106116372466126	1.8787242733843224	0.9592744125507946	-2.450050567487083
mginger1	12.864669460861839	0.7220120552299176	0.6552010278652288	2.305385601523476	-5.841090748180691	3.7887732439145103	-3.727624149033971	-0.6015047855739135	-0.9111011912952615	-0.1788983755549513
mginger2	12.895680065500203	0.2129349553478258	1.4803275770564897	2.5333336208872788	-5.982723209908889	3.480563673882204	-3.351969042886655	-0.7188315581204021	-0.9662078621213406	0.4622020730331145
mgold	-5.730750441072024	-3.6057788775150845	-0.2878016847311339	-4.016311048291229	3.0446718828058255	0.6374010186960385	-4.429226293377332	0.5146608222425485	-2.611693263690869	2.0017794217536817
mgold2s	-5.499375128796379	-2.677267085015359	-1.021569171860931	-3.4455047716240887	1.6719684935965813	0.10015446983190056	-3.519270249614353	-0.7354616878627801	-2.7731777428532847	1.6278150436879821
mgold2t	-5.530856176147837	-2.5793132702782526	-1.1045232939612701	-3.349535003261406	1.422771580162001	0.03585031921047025	-3.359783491082292	-0.9253391442304709	-2.711210692911026	1.517788668362416
mgrape3	15.320379017309131	3.492062676255606	-3.90631194911543	0.5954918030140429	-2.7715268072575223	3.0215997773811134	-2.956821251687701	0.6463936552946675	-0.06147549190777212	0.4614038672380041
mgreenlantern	-6.38499192958539	-1.7623610814045965	-2.1926079118690365	-2.461759267191376	-0.7090736421226844	-0.15285426526004883	-1.6883449056625022	-1.6116094632649256	-0.7063874997421152	0.4616706377599976
mhoneydew	-3.296695236133238	-9.025330591133624	5.529075374771632	-4.927312351346091	6.913122559286875	2.523757342961106	-6.6874426802121345	5.821659001158298	0.6561024843950367	2.8968199440319715
micy	-6.309584480791465	1.4134712824751883	-2.890461405184424	2.484894669514939	-3.1884600037499875	0.15303838462576472	3.413728282343504	1.1366110439267931	1.988411068548915	-0.6081328831101325
mifp	10.610909131093466	7.34553440963818	-11.397790552489074	-3.8918697552653003	6.567375926324826	-3.9074640783041543	3.9338540912642554	0.034553328829935864	0.016098137965298402	0.4866496575289247
minigfp1	-9.059574700367753	-3.3741220107402983	-0.9683005042049336	-1.2467010193691666	0.5671151968326976	2.0841218918408986	-1.7068189230490458	4.633807092893173	3.168866948005885	2.9195114374101245
minigfp2	-8.982132035358328	-3.2577714278180934	-1.0194144798146214	-1.1747502182999887	0.47870176293734445	2.0244648067431408	-1.5910228972525429	4.51582424317814	3.124340647552497	2.8232928600477445
minisog	-9.926092607354535	-4.371051027468061	-0.1958012649192198	-1.2561905224391878	1.6413721296788446	2.6541932388117693	-1.8357952370803499	6.741766567681507	4.201235347757944	3.6356866025450216
minisog2	-10.007639608935786	1.9366461823777266	-2.1458419906160664	5.1894335215052205	-0.659288455452324	2.438902010776499	1.7655616706137964	6.6529218836948365	0.46305786488756556	1.9565486446731493
mirfp	12.974062512170011	8.364180889737314	-12.938562245600991	-4.312600754564109	7.35348601970273	-3.690886316184111	3.7707810924894143	0.945356914428501	0.6252349941908928	1.1269167887014926
mirfp2	13.374304233619469	8.63388823029311	-13.374906882005583	-4.47761926315704	7.688490623285297	-3.8014476620997693	3.893199991239597	1.0938679077717293	0.7177631655453958	1.262696607714417
mirfp670	12.82339859866613	5.9769165499226204	-8.490880100561057	-1.6586450264529728	1.0553542252446448	1.5736783101083596	-1.8011472728860927	0.7812792392595759	0.39887552131210613	-4.255694136615767
mirfp670-2	9.833659056047306	3.968722499849051	-5.230123259767299	-0.40723678691622106	-1.532986408443591	2.456744875139744	-2.7910690954339294	-0.4462676393275473	-0.46911414230668885	-5.660556504373556
mirfp670nano	12.812834332574377	5.957293324668276	-8.455813125162985	-1.6420563109424084	1.023491750514328	1.575838997461179	-1.803200465455008	0.7625223896890677	0.3787610150281825	-4.229865026638038
mirfp670nano3	12.709330724006103	6.074327623255734	-8.676450765314163	-1.761326415214544	1.2527747260302948	1.4565009071465769	-1.690611670387285	0.778440764602002	0.4133576584566549	-4.355923472666034
mirfp680	9.108396215597775	4.591258440993984	-6.4492906897451	-1.1614677527420176	0.08498190231042664	1.2928412502165614	-1.6335251069511294	-0.4984839946526398	-0.3792437037970077	-5.964101861216215
mirfp703	12.507905564664744	8.23041195759533	-12.762744532263833	-4.312306024913408	7.404162958073343	-3.9258598439624657	4.008539330809112	0.760599120870859	0.5004528159120074	1.244248697527489
mirfp709	12.056862417207949	8.262164280021919	-12.912075194381032	-4.544812008183342	8.074737443179039	-4.824381175012741	4.966459429608829	0.5311314387999362	0.31844679471600906	2.4766430594945827
mirfp713	10.358617780817507	7.096393863141235	-11.008233233220526	-3.7976810712400804	6.508626030839359	-4.217364381655686	4.282643806128337	-0.18197737664732863	-0.1859231851585918	1.2921245797691365
mirfp720	9.883922330148344	7.591599645615924	-12.027767283679834	-4.554284256690319	8.420547577562843	-6.186084821632776	6.382205557714144	-0.38998900454169766	-0.3555922426427474	3.9535611278842153
mjuniper	-8.670796898808149	3.592937711055349	-1.623860315090586	7.363804718803298	-0.7036321846323638	1.9744914841823822	3.323776734750318	6.484762151126637	-0.9709781036629453	0.7742958098152365
mk-go	-5.43723047887244	-2.8241612478905282	-0.1630873111682603	-2.126755399371891	1.3497486455378798	-0.09367077905094634	-0.19162460446168011	0.0814270705992186	1.5329904848930904	-2.494570740240423
mkalama1	-8.962454564472148	17.828249531953396	7.324699564939212	13.466315577352358	7.387043807946688	-0.4607924153105572	-4.603751762816417	-2.439700828005156	0.4164249432619264	0.4726976373987648
mkate	15.344120466202135	0.808288730017242	0.3195193446737444	1.7169929836900812	-3.6753734400251274	2.457480704846272	-2.2060615627833364	0.5263490404838721	0.04546778550018829	1.9134892993820671
mkate-s158a	15.633491504092833	1.3174143347782938	-0.45865381060176486	1.4865049988023489	-3.2896986831543655	2.1819244033647447	-1.905675913924233	0.5398929305144458	0.03547270187062297	2.3748773294097942
mkate-s158c	15.021229699239496	1.0379972624231717	-0.004061324969070532	1.6813971176310225	-3.7621010399367907	2.388776863481902	-2.141853372105865	0.29611951181640445	-0.15178498217196462	1.9930899122873094
mkate2	15.676224950407077	1.7176827361048586	-1.0565271704533048	1.3820404577919916	-3.3239387156943616	2.3639930849949273	-2.1141753420458875	0.523362642655948	-0.027981596173114284	2.207306046241949
mkeima	13.161566995588261	-1.6218415256060947	3.6401144543489843	2.0302727253388175	-3.244131261895752	1.41278772799764	-1.1925765078846866	0.3188240345790015	0.07022807111028924	2.0992030836537827
mkelly1	12.457179781835656	2.598461759929877	-2.4944065977546748	1.2452702330253858	-4.719862525450294	4.500433701134053	-4.701155105047581	-0.14082308732544943	-0.5496747268897203	-3.366134370456704
mkelly2	12.563989532446909	2.045543738806827	-1.5535768704448634	1.5878140573730015	-5.144967790674341	4.343199073417108	-4.466245674717648	-0.30285032551229824	-0.7022767299283454	-2.2506134529206276
mkikgr	-3.3218160175785276	-2.0586866709276506	0.000582042699637333	-1.085480040546236	-1.6063392281970845	-1.7128512539128238	0.3831758359479625	-2.78257514843988	-0.9584686039730939	0.3210447763135654
mkillerorange	-0.41243228804261084	-8.48395549624638	7.1523762201218	-3.6371270113376726	7.479772087558773	1.484629641997385	-4.118546364366847	5.223841492586919	0.8350144603323095	0.04893265461042032
mko	-2.6742824259316245	-4.570536096427931	3.1478638952097433	-3.306464581796132	6.6038755621107885	0.05661659625335016	-1.3754118378940359	1.7753005407720452	-0.40919808709688743	-4.191935667002253
mko2	-1.3829138854127503	-4.90363887895974	4.451469401250789	-2.6151621696324536	6.56999444116416	-0.9214428125916992	0.18389603089187476	1.5434165026787297	0.3222523600410907	-5.2699343530011715
mkokappa	-1.777230211186543	-4.738877254045659	4.089203885577782	-2.7667698859329106	6.631500444373109	-0.8033737008289819	-0.0037331255797036886	1.4945622847639393	0.15220687532918395	-5.25283578761498
mlemon	-5.441752878270471	-2.4984206908430964	-1.0694459823923224	-3.2540862247507683	1.3612592929611347	-0.07116470523761001	-3.2071089866792084	-1.0354167755050379	-2.8124881922197447	1.543633816362168
mlumin	10.67706492225258	-1.1319774969573009	3.2568229511560016	2.4604814840030595	-4.868844032606991	1.3649806798017585	-1.136920089569564	-1.4039249938448752	-1.2156152099269828	1.8785476723533785
mlychee	7.911209661157911	-3.9922983864878905	6.570432979991772	1.646018064081157	-1.0625659527809748	-1.5496972897718657	1.7459661938361697	-0.6913516890784358	0.012250089694748768	0.5983087227563209
mmaple	-1.8365773050932965	-1.791932602064525	0.04120256879780008	0.05859849702586723	-1.8706857823493868	-0.66312909129921	1.5203790804243646	-0.29797826823113394	2.5402312215285776	-0.9946737322266564
mmaple2	-3.278059001230815	-2.311309341946898	0.5314609183044827	-0.011762470367436375	-1.638312297295852	-0.6223707497622099	1.3485807748356387	-0.1929089317286954	2.3679888930136612	-1.133542144836023
mmaple3	-3.0333445270382517	-2.1341974306692215	0.5891289328395037	0.12480359520582929	-1.5253773275113944	-0.8957757980510426	1.9233278324086451	-0.4091173354969561	2.4886885366258347	-1.7612342853888
mmaroon1	18.681871046238225	5.4067435298711475	-6.901233798012148	-0.32324634556398457	-1.1843195949348087	3.443316828683913	-3.378567113419447	2.1358895243151177	1.0194921655545062	-0.08005009901718074
mmicy	-6.568176518516939	1.2746828089547313	-2.973532144152457	2.304078289319424	-3.132949493608391	0.26132539811327726	3.16328367200029	1.2626929200139234	2.0284579179824656	-0.3918921328884063
mneongreen	-5.45078077587464	-1.2179855520487781	-2.1462919485837686	-2.171737878516046	-0.8556521731473715	-0.6231588388665846	-1.1987033689490671	-2.480996282353902	-1.5284235800202337	-0.1404846146926166
mneptune	16.9788195777683	3.461238608136851	-3.8524315413405943	0.5595820528727966	-2.388483426451619	3.179345775458729	-3.06975427551222	1.383851552869287	0.547509325256428	0.44311129850027337
mneptune25	14.648859368098337	2.7337394371831003	-2.698250856681137	1.035041279386299	-3.6629866598615624	3.699431768902239	-3.710146802001375	0.5521116968507767	-0.0364483491171608	-1.0156857886827824
mneptune681	18.179231533617518	6.7515307677939385	-9.369430037560086	-1.616068451783566	1.389467296637046	2.0316849349031103	-2.0156457838296595	2.3413287483350556	1.3434608813530668	-1.188049264304689
monomeric-hyperfolder-yfp	-5.973887532172024	-2.945846968365858	-1.0178656373889916	-3.6468682233200864	1.80407725188409	0.2702721022800777	-3.811286999052125	-0.4712652359547975	-2.6068462673208517	1.9222317798460713
montipora-sp-20-9115	10.418115991696729	-2.9444323426789047	5.088281096815164	1.5966131949076405	-1.6115607583094431	-0.23947652204679298	0.41536112297677313	0.007889955422063713	-0.003921035308276413	2.037531051997449
morange	-0.48583395876223057	-6.06705846748582	5.645839986803496	-2.690875606698136	6.731278537572379	-0.04391075062714396	-1.000551379956312	2.7008886786237802	0.5737467361509581	-3.7237651718261433
morange2	0.6245768124749229	-5.921621200664719	5.803424685440234	-2.403194508467815	6.586232241847811	-0.3969731906996176	-0.4086945582700753	2.6469595928754464	0.8774135169230334	-3.709410903188453
moxcerulean3	-7.853598160164373	4.317640891628848	-1.6370894533516251	7.7527630439469535	-0.7182867586424754	1.4805517829910224	3.8810564022192957	5.6075680827497	-1.863160528856872	-0.06591920948238099
moxdendra2	-3.9872768428422853	-3.4160513521244393	1.1102115499885508	-0.860009830523969	-0.027198492841786832	0.05766282587037364	0.4119361240580061	1.2114353257918773	2.931639069854481	-0.9078631503058957
moxgfp	-6.071553069853552	-0.7171032687271458	-2.53431798391174	-1.0433964735121781	-1.9844892057478924	-0.3985482552474951	0.3532432550628881	-1.5876613030041833	0.6568331313296768	-0.600253304539202
moxmaple3	-3.0333445270382517	-2.1341974306692215	0.5891289328395037	0.12480359520582929	-1.5253773275113944	-0.8957757980510426	1.9233278324086451	-0.4091173354969561	2.4886885366258347	-1.7612342853888
mpapaya	-4.826737989151777	-4.1196670901526184	0.967526457037608	-3.871576669024411	4.330082340875525	0.6379149596765329	-3.9962435390226725	1.3575960851095576	-2.3143727570455566	1.3650555923756427
mplum	16.338797645595797	3.444142953642899	-3.803616322664239	0.606775367920551	-2.5496757555931295	2.970491853583875	-2.855662429632777	1.0214535495983164	0.274016727870949	0.6480402764238757
mraspberry	11.981807000572065	0.9116129208660589	0.07490617543005727	1.6010002457983747	-3.8726457607237146	1.6121609804578412	-1.4277514089264491	-0.914759842556488	-1.0445100277762205	1.9062759012251596
mrfp1	6.405862234108765	-2.3448130036025345	4.566513564325783	1.9597859100575112	-3.0706527371256302	-1.4062093120014236	1.6147668953592273	-2.607658746126356	-1.7332181754494405	1.7533499379440114
mrfp12	9.604808091368422	-0.9390509323126269	2.7494968269366953	1.9462817791670834	-3.575237363352013	-0.029486773207671377	0.28905677099293925	-1.7465322937924668	-1.3251661562839432	2.073435625909083
mrhubarb713	6.48693764813725	5.704086405315376	-9.037015960957389	-3.5235729232657023	6.353417748803115	-5.919918682452342	6.02570266868504	-1.830496068625698	-1.4012897046367387	2.9755627210732345
mrhubarb719	6.834905361269103	5.987961184257196	-9.522220743911106	-3.756861888636591	6.903319934830787	-6.287055779665347	6.431986161610594	-1.6897822334603498	-1.3077499891344795	3.6701926106531393
mrhubarb720	7.012805004532341	6.1145158413323015	-9.732783945102682	-3.848261308335502	7.109376645868455	-6.399593057677345	6.557324616682835	-1.6181342839770254	-1.258035908747565	3.8843242919285283
mrojoa	14.172351192948561	2.0702736207549446	-1.706157960043008	1.115116807910948	-3.1147383755515037	2.0462591335448015	-1.8614344111549193	0.012052008506642483	-0.43519284006742853	1.9981704737571044
mrojob	13.189643238327589	1.435779141766348	-0.7125522317967034	1.4298455771472516	-3.6868648894672313	2.1052512860566677	-1.9445796334077141	-0.36654736743627403	-0.6807839986099364	1.6774233043971811
mrouge	14.106750409239051	2.390748147633935	-2.2196093188542743	0.9894019199737838	-3.1025414665019566	2.343336919399409	-2.221283629337456	0.06725341088985491	-0.4183833752373244	1.2903173645319181
mruby	9.326456505131143	-3.701093929530565	6.355826150389664	1.8354487107185937	-1.3921424976592771	-1.4132236293625628	1.7251901647480858	-0.5451606326982471	0.06779727744769631	1.640031936204353
mruby2	7.7309984549004245	-5.310738347957909	7.905287270653329	1.0815085133579119	0.9404006093829106	-1.6340657886936132	1.8321866683281265	0.6071904020449955	0.8955131759719884	0.04378867171541232
mruby3	7.215900887043017	-5.368856424209333	7.9072124077770995	0.9725326949322237	1.1809010420234338	-1.8995202530561135	2.065060574457541	0.5019961128530996	0.844992867249062	-0.05789596492006247
mrubyft	1.4434803953153605	10.503219664003645	3.767625622040108	13.257213905038158	2.761309581246758	1.3862746696230321	-1.3624799910934493	1.9750942625096841	-5.109157795061902	0.5559840453033437
mscarlet	7.604950066040454	-3.9465642897373963	6.447592283522664	1.4883509928702199	-0.6207100618772017	-1.9527386370645787	2.177354359253623	-0.750873664179982	0.05121488838456422	0.5181645120244125
mscarlet-220a	8.041749033088557	-3.6748548048786525	6.0991984340717105	1.4756712026656247	-0.6667841152344991	-1.8899026254407503	2.137811777676214	-0.7089654792071873	0.06437691621176722	0.7014107399189643
mscarlet-2a	7.74141940758695	-3.8083692977429378	6.216234665802458	1.3902619426185303	-0.42614674438760775	-1.9814034892258279	2.2126987589836857	-0.6622201445146444	0.12256237275579905	0.4692793566986803
mscarlet-2a-84w	7.5930351262517775	-3.730368321116018	6.12296362574937	1.4031519907239471	-0.5139891513841391	-2.024799954969229	2.2529293718957404	-0.79012144499032	0.032295302115865926	0.47009182380286313
mscarlet-h	7.870022305775019	-5.099943249550286	7.5237464790063955	0.9578746125570089	1.023965074847296	-1.439508858809381	1.5890674453300904	0.7428248851174813	0.9202067769938911	-0.050514313473210275
mscarlet-i	7.827069339044573	-4.0549422638848265	6.617589071837671	1.5366329565286838	-0.6596174823552471	-1.8484206246392165	2.0782301479803142	-0.6364190096927234	0.13113186070576657	0.5244813501469034
mscarlet-i-220a	8.525917546586872	-3.6942577767728837	6.141354325563679	1.5001361297720432	-0.6661217691320753	-1.7387766559126698	2.001412594041508	-0.5059524213898204	0.18942598793394666	0.8302117367067907
mscarlet-i3	8.114446725949612	-3.9875448838355854	6.404049375425393	1.3204172017437108	-0.12976547674863542	-1.875450368863161	2.113684630538559	-0.3084071155560763	0.3632514542787621	0.4490266439733353
mscarlet-i3-ncwt	8.10729713227115	-3.9538368087215137	6.381143113450296	1.3491261203503688	-0.20833384077926342	-1.8879139264253377	2.128094346623812	-0.365802036681926	0.3310037893201648	0.4689966952137738
mscarlet3	7.7071866097847455	-3.7219471402159314	6.138850012288475	1.4437940398553986	-0.5999478682926598	-1.989077993886038	2.224362601225127	-0.7932369517865184	0.024580018948192398	0.5518605679598418
mscarlet3-h	5.688440688079923	-3.971846677233395	6.560909435596176	1.639295240579217	-1.1572298341912164	-2.529579345701188	2.748090801263801	-1.8503569109752793	-0.7594856714417344	0.7575334869822786
mscarlet3-s2	3.543068652686343	-6.0115278832975845	7.94139636150488	-0.1357494126513884	3.467162862503496	-2.40694359724993	2.372290959750505	0.6799817392133833	0.8956438937979371	-2.3191657098951826
mstable	15.081037856484196	0.6574754514726294	0.14551565675806027	1.1525158311191945	-2.2845542314313647	1.9551950770263216	-1.7532103709799072	1.0234360666112052	0.3548863156904465	2.148113246396381
mstaygold	-4.715424236956584	-0.05122690860491089	-2.506762335948479	-0.8967271429582231	-2.2931410292584054	-1.2043249877614475	0.9119825823753382	-3.330978635409913	-0.5328875518217803	-1.7029170477837134
mstaygold2	-4.665268456553325	0.0007240580215189939	-2.498511892694466	-0.8125909469875074	-2.332027290008101	-1.2137669990145774	1.0412292276854456	-3.3007288428003387	-0.43352973202973105	-1.7871145163096227
mstrawberry	6.040503719626729	-4.034622862032489	6.501120464588115	1.536837498406187	-1.1457313228953119	-1.6231335204897264	1.730968788598788	-1.2599243568758038	-0.44603941277008313	-0.30503217596337917
mtagbfp2	-6.4674959143155215	11.579844927407487	3.0289065387835077	12.898575568963105	4.522178122394303	-0.4830080624831002	-0.0032609548640508347	-0.15288603696126982	-6.29098453257871	-2.2102416428737026
mtangerine	4.82966131271742	-4.933064804121452	7.190311998535267	0.7630999289155315	1.089123199708319	-2.117790030184645	2.146815890375447	-0.3372284532337778	0.40129670445144805	-1.8891421589046575
mtfp1	-7.017686115869023	1.6781073079700914	-2.7989580107868997	3.3041121088325442	-2.750272511194651	0.6892441704965696	3.4254925512339236	2.657127413026648	1.784571117401267	-0.011179175631920217
mturquoise	-7.86973485828368	4.063462762961768	-1.2739899779574142	7.691948715767618	-0.34095291731839944	1.572253241075097	3.481934248262138	5.764789234643297	-2.0484254164026976	0.15709907214891633
mturquoise2	-7.808790555842351	3.73610685476334	-1.436599233321048	7.2207852586574175	-0.5679598093431808	1.54844883173738	3.5051070054831	5.648064637843214	-1.6825275372435506	0.21964538965952476
mturquoise2-1710	-0.8512633985205738	-8.945535945998182	7.599814812033812	-3.6295689563646856	7.29211478172824	1.4793264669728166	-4.27459053269244	5.2109273325848875	0.6115792886262321	1.292767674625273
mturquoise2_t203y	-8.23718706220822	-2.916524564682634	-1.6479095723681765	-1.839349208032874	0.08043167411244503	1.8381861096297516	-2.334572479575099	2.936381103030614	2.098108212215641	2.138682375865069
mugfp	-5.980780764529399	-0.6851282865334888	-2.6177373100142227	-1.2099477343673632	-2.0088475256448945	-0.528284817565691	0.3060217018708825	-1.9549279565710798	0.5356488781856756	-0.8075556410693656
mukg	-5.5762760521284305	0.6107662314332268	-2.8249352167285897	0.7161860502637393	-3.0223948852821736	-0.5043146529553394	2.3652798005674884	-1.0700915542008544	1.4915561975621134	-1.2158542356435473
mvenus	-5.590091679524157	-2.9209153044323477	-0.7742555877545053	-3.5592119343160147	2.030444951678932	0.18643387289908206	-3.695774641435969	-0.4462165266728083	-2.81072507147575	1.8104672823336003
mwasabi	-6.140240428233574	-0.623412094285801	-2.654359556669692	-1.0275836266820755	-2.0104808583916904	-0.3853477526083124	0.4580659189299403	-1.5662440420102381	0.843635363449415	-0.8043009427244572
mwatermelon	-5.920585137199329	-2.1801187048983746	-1.5147298401765097	-2.4139127612951397	-0.25064023614442144	-0.07950408588561925	-1.6053691357682485	-1.160947579251296	-0.368460050144002	0.18525457469551251
neptune	16.955856920696405	3.3938073318728543	-3.7439929929974487	0.5837886317248221	-2.394403781868992	3.1610664238094333	-3.0525088135595673	1.373394724824375	0.5654267369512094	0.2889328001826068
nirfast-hpar-35dom	12.76393477192872	8.816754719795966	-13.839766276445975	-4.9541147543959765	8.98846486158273	-5.352860605963935	5.545277252786308	0.7911942726457984	0.48306483521957727	3.312516389771321
nowgfp	-5.707594271131603	-0.1548195672575548	-2.383840561970872	-0.1500034226592383	-2.1340529562386332	-0.4275714703688489	1.2115210071422908	-1.1639714957824883	0.9378702988331805	-0.8854507947476137
nu	-5.937042981988959	-4.08291049749013	0.008968702616524436	-4.1804027062611535	3.19331482319248	0.7988801739046969	-4.703927529023352	0.8478277675721536	-2.3319016049351404	2.298680429956545
o-geco1	0.25119105096002314	-5.8821727525659195	6.003843769389389	-2.1138160257789416	6.055679120728745	-0.7646927908059276	-0.0007134778206806582	2.0947889146984324	0.7002858472178106	-3.904253701496216
oxbfp	-7.974307954572071	21.16951506188814	10.07900757532106	11.10447704080066	7.783249747824338	-1.4930817426208634	-6.329340574556204	-6.018644046905967	3.867310024368301	1.0174657962653897
oxgfp	-6.071553069853552	-0.7171032687271458	-2.53431798391174	-1.0433964735121781	-1.9844892057478924	-0.3985482552474951	0.3532432550628881	-1.5876613030041833	0.6568331313296768	-0.600253304539202
p4	-8.87764024279934	23.166635511941962	11.223052452212237	11.689749648586115	8.44375644152863	-1.2318801381242215	-7.14645385513757	-5.798608140660043	5.281464476601007	1.7794382455579305
p4-3e	-8.771391299752345	27.046660739975323	15.3437895696807	6.214401860117045	6.297033104634559	-0.6220917215065692	-5.8735930675771755	-3.82139806235439	4.075986523818749	1.8912297486408156
pa-gfp	-6.045388241810349	-1.3871745314713138	-2.3145654094343486	-2.2951003136018384	-0.8752822692407626	-0.449175520612756	-1.3312659970004683	-2.138485949175541	-1.0495361984669251	0.0027528956188322615
padron09	-5.755622385420662	-1.573961751573956	-2.0668179467867622	-2.642389193653473	-0.2662872619887423	-0.45992889305850804	-1.8509093526597251	-2.21918967956552	-1.8019233886435337	0.12175535127618554
pamcherry1	5.246905489583704	-4.851376731065267	7.146591832779309	0.9900602431970803	0.38128399054083983	-2.198102159816787	2.1995996255869477	-0.6897612635259247	-0.19006162889100534	0.25873588565932426
pamkate	11.196143559864788	0.05846052337281428	1.5001153375185914	2.2141393950616393	-5.183226540115835	2.4018563103671857	-2.288592159351525	-1.1983669790657354	-1.2228612175019955	0.8885266545908894
patagrfp	5.933863851831095	-4.985421723564121	7.578492160555968	1.2536811585074723	0.15153838916204185	-2.0881101349996007	2.2405575470165315	-0.5941809850141794	0.07461426829482017	-0.12262219826159357
pcstar	-3.6341175848829295	-2.7453146251499847	0.4798428592999846	-1.539350618692025	-0.30675228964339446	-1.2488233225762768	0.027043213665724857	-1.5575685829680679	0.1108677216468443	-0.8069698980233507
pfast-hbr-25-dm	-4.4169437362463135	-6.484299887480413	3.3987617845252824	-4.850339965428016	7.636541053507422	1.3631778047639365	-4.808935266968161	3.9657957609467354	-0.9160911507146465	0.33217379934524
pfast-hbr-35-dom	5.7489815493318535	-4.589309508393671	7.0009484997066584	1.3092434819989487	-0.5339082605695732	-1.5969480078609897	1.6136879448475892	-0.8299676238515331	-0.2916494199109381	-0.07540004027168676
pfast-hmbr	-5.8718942672390755	-6.147912922754306	2.034410147669326	-5.078366962358887	6.138628275452245	1.591333292912337	-5.615042502709965	3.356242631495653	-1.143501519101396	1.7732842345794955
philov21	-10.039934730211739	-0.7430267354140596	-2.061197907318932	1.3657535550517095	0.22160405696709737	2.2330128982119146	-0.2568733141244048	5.424385868036655	1.8608179577569646	1.9771657147903758
philov3	-9.386718316878847	-1.3723565804476063	-2.392158427280331	-0.030450263584139006	-0.4222436563903132	1.7615274774100504	-0.42412162153482263	3.9043983642659534	2.438337687372781	1.737264905258628
phiyfp	-5.443855971284137	-3.265283092918521	-0.37125890433999875	-3.9323710510105783	3.2602554593346524	0.6202900991460535	-4.354800344800494	0.4413793760776681	-3.0428115680832772	1.8800215917173597
phmscarlet	2.5397930480698823	-6.1320495514049815	7.768779329311136	-0.3845307004921897	3.538233765493201	-2.368611493012502	2.032386486104015	0.636756055682594	0.5764394615694705	-1.875759781637776
phuji	7.657971763380179	-4.383779669646982	7.277162590324907	1.9962527876540723	-1.8002156242409253	-1.0161596359207505	1.226084844906258	-0.8160912024581317	-0.08035466623875726	-0.0071841758846079035
plobrfp	15.856693262400038	1.7768533949907195	-1.2360434663397009	1.0763252795233251	-2.223185421089004	1.0238673534349263	-0.6419863609136043	0.44102932906191716	-0.01847627316279928	3.6814779733346996
pplugfp2	-5.939934682794124	0.07279508578893938	-2.7437226347956223	0.0930970176794817	-2.6536135952601434	-0.3546872566974046	1.5923137942605732	-1.0445287602207636	1.370556247106147	-0.9070828508702427
pross-egfp	-6.380390457179898	-0.41674478907324114	-2.7672708876262933	-0.6176369025223545	-2.2565544845527628	-0.23165758732565475	0.6436295901954764	-1.1756625606185793	0.919142935582899	-0.4781283561027259
ps-cfp2	-9.400939352886647	11.56043112303191	2.931580093248418	12.423776021085631	5.056240130474899	0.42174227026370537	-2.28753423192566	0.5700176580198655	-4.6099723204728695	-0.6057440336123489
psmorange	9.190657985667125	-2.983737334487088	1.1906268041819026	-3.5936473209163435	8.263338010451628	2.3751644062961508	-3.389989504503103	6.545526839269573	3.301033425059372	-4.52911676278974
r-geco1	7.825407785051254	-3.5373279829188045	5.8933513644938875	1.480520477635532	-0.887821570779267	-1.6535183821626445	1.8697772953320906	-0.8093514345457925	-0.08815539943042387	0.5428605866629376
r-geco12	6.444356697830219	-4.0808019105468025	6.314511135459042	1.065678738630265	0.2026048610021311	-2.0693960938798743	2.204812958611692	-0.6242892570742721	0.0994464244845848	-0.3084434479171332
rcamp	6.213493871459042	-3.676983134800819	5.983517960039637	1.3409918904802345	-0.6176717654619905	-2.2754197421146105	2.451173290161048	-1.3552403233705685	-0.4154985661512551	0.17410709971005242
rdsmcherry1	15.277913554277056	1.9260145878314372	-1.4173467242804527	1.2187366073218238	-3.0335242964786744	1.9965827836868746	-1.7433719338114848	0.3372029727764783	-0.15453580973250516	2.366795981097772
reach1	-5.792101952162121	-2.8792029216640453	-0.9245089130772635	-3.9018954948375875	2.8572243209657815	0.49359831095410905	-4.18494035720483	0.012564126077908693	-3.0912714516045465	1.6131081555455467
reach2	-5.6796900936742665	-3.9570458497050116	0.26921731997029463	-4.423859780752505	4.887548725743271	0.9049652223466128	-4.557906088317354	1.5210595865210854	-2.4252797544729567	0.8795961571156553
rex-geco1	6.89489273205969	-5.045152558830898	7.023855272781357	0.8097007599076773	0.434167912538983	-0.9025690910756234	0.7524218800759352	0.6368799376778155	0.6579733139540053	0.2570554487633035
rscherryrev	6.769640854645423	-2.949971025192928	5.551720569501852	2.2592730551268394	-3.4130266488397845	-0.9550691791991889	1.1909470144448282	-2.3203221338239386	-1.4696363491381905	1.359123379489315
rscherryrev14	7.454378970182427	-3.0193277393229114	5.80397253589842	2.491185447489744	-3.7992851105652523	-0.879966742940084	1.128115323294607	-2.2765905006672855	-1.3335598001845228	1.343398916005848
rsegfp	-7.089941308592899	-0.8139473873205473	-2.6032557219016517	-0.4709001107212097	-2.0166597968272058	0.333280184147297	0.37984613392134375	0.18906663456982203	1.5533262506608603	0.38665277977004636
rsegfp2	-6.628540289845501	0.04651092825029386	-2.839108592240427	0.3785952071891809	-2.531643878225655	0.057951071161570875	1.640939648102266	0.05043270238253757	1.9214878933545325	-0.4662947021101301
rsfastlime	-6.048313749370922	-1.6674972121947234	-2.086929081109608	-2.490683882147554	-0.46569825334896203	-0.23500774775386535	-1.8243775625479253	-1.7705944888110114	-1.3335451104477611	0.5145472843853117
rsfolder	-6.954548133669106	-0.13713937771920945	-2.7500224209974053	0.479165168227779	-2.4767940063664846	0.32588907098325554	1.4781702039082658	0.6357128573550108	2.1087038311933712	0.00740172953756314
rsfolder2	-6.786204440829055	-0.24841312854842806	-2.742236627073008	0.17202653110525004	-2.454264783712048	0.17327092563362673	1.331286689484507	0.18308967985976107	2.0052725839258287	-0.15234661782178713
rsfusionred1	8.612875495824028	-1.7476518100872271	3.9702648808281094	2.1943110836234614	-3.6967084455475074	-0.6651876403761782	0.9605957289047717	-2.1860902646676625	-1.5300582131181464	2.445533656693864
rsfusionred2	9.492434190721077	-2.6254205276724614	5.119193596018379	2.154600180987027	-2.9186514010551656	-0.6507275237405482	0.9556231646764389	-1.2563138947352628	-0.6677953950258813	1.9711791925561613
rsfusionred3	9.82569747156998	-2.1439027451541603	4.529956347459527	2.221268943892332	-3.3401800132743475	-0.5053597078805594	0.8149082155087974	-1.4573234006872926	-0.8803576018845981	2.3416956978294836
rtms5	8.349502007499927	0.8155696010091715	0.05720387737426202	1.5705770042681246	-4.565033546315084	1.9556563656891668	-2.0057257995008726	-1.9746878942968717	-1.8463847737172718	0.014583230025606303
sandercyanin	10.441340809199923	10.25818326082192	-5.604847437262655	1.5626315851566246	2.3556916555454204	2.4028347641932073	-3.879309375459099	1.0275992128490374	1.6968542584996151	-3.9069757738626296
sapphire	-5.097551898354312	-0.5119182579471809	-2.088940377691885	-1.2124497503337535	-1.4436004173739918	-0.7951240357101095	0.04307950260547732	-2.575118279695014	-0.5182630167856982	-1.1886303365452626
scfp3a	-8.506483524732008	3.594185541489383	-1.4419686641742444	7.372174993674912	-0.4336074926944619	1.9145556782872495	3.2498270367969235	6.424642177321783	-1.3239797429945697	0.6893175739491356
secbfp2	-6.95547492524771	12.14018691132107	3.3210816670209975	13.330880758352949	4.890195737213738	-0.3410698546678875	-0.35810058771511477	0.068958337429846	-5.911535448265924	-1.9525650321395234
sforange	-1.8533255006667786	-7.225458419565701	6.483677162560204	-5.88454020442719	22.00614521890098	46.95106097719742	22.80891308002414	-20.29565882557553	-0.14255779519511702	2.33506664656121
shadowg	-5.876477072679794	-0.8480321173009644	-2.3106427456038445	-1.047981869976728	-2.00451835774335	-0.5855410492062656	0.37418289468746574	-1.7697875997571821	0.4309778743986114	-0.3651732188934022
shadowy	-6.0610769426759	-4.4835584723759965	0.4950656063516169	-4.529157667416541	4.587033572360011	0.8619909756007615	-4.760083610513761	1.626089664054216	-2.186352741808564	1.7744464361435035
shardonnay	-5.617156777557476	-2.9462905787388443	-0.7695214126725051	-3.5681080536444205	2.0304507286396114	0.2081910701541832	-3.7193079299067624	-0.4126295906684691	-2.7791584575017887	1.8400351122646512
shbfp	-5.108558655292165	9.902227069390634	2.385358135730172	11.263624882688365	3.9340565880927225	-1.0366150755007688	0.45159607021340614	-1.281795122094374	-7.3464496228367615	-3.094145950317893
shbfp-n158sl173i	-6.538509171552817	9.21929876757944	1.921861487506606	11.969156861964532	3.65364974654376	0.1143477799924089	1.0743590042343574	1.8821665143578243	-6.798925446150258	-2.1095616853742767
shcp-e63ly64h	-4.785005405430212	14.457148828116962	6.141640492419692	10.2066163268568	6.418200300566519	-2.4868511628195615	-3.899982314138389	-7.018946751136712	-2.570265435240795	-2.334832568162619
sirius	-8.439700578636323	39.092866779720076	23.964485012253263	-3.842388254372035	4.116091715206489	-1.7335612315532078	-7.188917214414138	-8.05392634633076	12.6906228382632	3.807458214860308
siriusgfp	-5.100898840633307	-0.9786838462645194	-2.0814980251382136	-1.936785117702412	-0.9142915454966372	-0.7806711078833009	-0.8186054492098612	-2.7076580276785056	-1.5948689512164025	-0.5901558031808466
skylan-ns	-5.418498585009273	-0.9496518596636739	-2.190622653586124	-1.6118929789165843	-1.3648422931127726	-0.6767798377877327	-0.20458826718075446	-2.349657802419538	-0.41857082027713954	-0.8958292373710294
skylan-s	-5.42245842259529	-0.970173630613706	-2.1803364053038794	-1.622413772632935	-1.3647427638544811	-0.66944043023515	-0.24091074546462096	-2.340064621043661	-0.44550361724263593	-0.8398242872936333
smurfp	12.28214038534816	5.7311955642059065	-8.108062244455347	-1.5264686937134526	0.7591569166097275	1.670761096070159	-1.922810642805918	0.5951192265534427	0.2789375287318427	-4.600936743412094
snifp	10.846395096869445	8.142468768218274	-12.907017109879153	-4.871263145258702	9.076137141557982	-6.359265498979081	6.589109121555466	-0.0054492210392037424	-0.08518797012090223	4.4010040698944115
sopp	-9.231402366719514	0.3051074231363252	-1.8601217130031682	3.435549421127418	-0.7472503780853964	2.3779415846150127	1.6044522684730413	6.55168697962713	2.051633406144317	2.0795926083128267
sopp3	-9.100840088353667	-0.6145860997217838	-1.4161393434594545	2.8811619139308355	-0.439690871662464	3.1251849843260135	0.18199011787946667	7.32519145342843	2.685483556766822	2.6907929658651324
spoon	-5.654478046675491	-1.950303562353078	-1.691991158227244	-3.0416523629683656	0.6411556363980224	-0.2975268560714882	-2.6990252391558136	-1.694819933776114	-2.6424062183423995	0.9830557754876644
staygold	-4.342100327350787	0.34703879005710736	-2.5077805236381066	-0.3384966021592917	-2.653685184453922	-1.3158928214789662	1.7652010700704772	-3.265481114831437	0.004827511518265327	-2.184446710023704
staygold-e138d	-4.417680768325332	0.17705036991425926	-2.310327905407995	-0.4954481371423556	-2.285071547978868	-1.2261636257258226	1.507638965436965	-3.0232449490787285	-0.03201815081583309	-2.071728815175943
stayrose	4.216587976951894	-7.8901111515740565	9.491235186693649	-0.7500539023025804	4.532205993386822	-0.35341699049953434	-0.25238096401053245	3.07117540639077	1.4724908909874304	-1.0522771188893079
sumire	-8.51102558603474	63.60406133408615	47.09689892185395	-51.64044072783305	-17.87022387153333	3.846628735848387	11.226282345515404	13.33847915581114	-8.532040935345153	-2.1181292820080775
super-tagrfp	3.3652535812994975	-6.538112293291027	8.234670496238019	-0.5344912699155092	4.230093620476619	-1.6667171419458775	1.4468564419390122	1.5841922968100353	1.2684794792432776	-3.0183956754340473
superfolder-gfp	-6.036953398976907	-0.42058962322562526	-2.6303472991817376	-0.6665867177935719	-2.2038443363815463	-0.4107486579354797	0.777467858336205	-1.4787311237155987	0.8239344133736763	-0.7776870581063839
supernova-green	-9.207621915994878	-2.7136113181331347	0.6385660156875805	2.3445625764333906	1.5771002295501673	4.070692909203706	-1.3951673956382136	9.639709444284557	3.0438968091040106	3.677147246220956
supernova-red	4.139663651853708	-1.902603110447872	3.9055484444908846	1.8307057786241754	-3.25961187032459	-1.9209522201922038	2.1156329355063725	-3.728916339615673	-2.6250527039084663	1.5527946185366122
supernova2	7.811952296323821	-2.5774034132240837	5.030547086724611	2.140538993192541	-3.1102869270327895	-1.1068495468429094	1.3799083504470742	-2.0530115267554834	-1.2512555093935946	1.8641031411962001
syfp2	-5.481422195626325	-2.8980351332076975	-0.8006136821170852	-3.55458257010203	2.0054359247326135	0.26451015027290586	-3.783842938236865	-0.398652135111731	-2.793993594970314	1.7622912370709463
t-sapphire	-5.097551898354312	-0.5119182579471809	-2.088940377691885	-1.2124497503337535	-1.4436004173739918	-0.7951240357101095	0.04307950260547732	-2.575118279695014	-0.5182630167856982	-1.1886303365452626
tagbfp	-6.445470574497345	11.52346578962976	3.0003738573749414	12.868808853413366	4.50415108808544	-0.48834849324606017	0.0144934815176113	-0.15735434481308283	-6.3173318530322895	-2.226421607405871
tagcfp	-7.5399960875135905	2.9794211150198087	-2.0310003186608205	5.926673309741785	-1.4747782875368285	1.3981485057813607	3.7435203863684143	5.08728494279196	-0.28286583683607286	0.33703328061472165
taggfp	-6.217400593998979	-0.07169273185267658	-2.732643776582122	0.00549073813835928	-2.4984176289021027	-0.21825493116287556	1.3522417008058907	-0.7955643859981901	1.338895797349833	-0.6800412105685931
taggfp2	-6.372529833672712	-0.426718071190869	-2.549616482658991	-0.2546384951668229	-2.205814761148603	-0.10718924886889171	0.984268709367147	-0.5647986154728707	1.3694605916323102	-0.413190661820788
tagrfp	5.487080101398236	-6.054147055691995	8.124151935415563	0.07033972748248087	3.180556124392247	-1.837143170886208	1.830953018890908	1.3417925202156633	1.2934210464113067	-1.6379039789189656
tagrfp-t	6.229339431078751	-5.944860792385196	8.199563427888508	0.35798311743779765	2.6301995689245348	-1.8014154243293081	1.8625545832126829	1.2205578567332684	1.2562653564941657	-1.1412531908552606
tagrfp657	16.079911952407404	4.761622546718842	-6.096009975603031	-0.30986840601340104	-1.2306967262602897	3.0248372809126196	-3.0566146609842235	1.4046998445168597	0.590793311410034	-1.2118123907701528
tagrfp658	14.59965950029686	4.631573071127797	-5.903487246754702	-0.19526431882347475	-1.765701147839538	3.275772193507646	-3.4038008775036377	0.8975331462423963	0.24804984231256655	-2.4644068367499474
tagrfp675	18.973717725255973	6.14142531864121	-8.270798945472746	-1.0879449262622403	0.4703122255081948	2.6495277693482335	-2.5858720497338545	2.526620390256459	1.4079153619855072	-0.408117053951255
tagyfp	-5.995105690509589	-2.597298695554099	-1.3677653735494606	-3.3696624554275907	1.1258019811073932	0.16371571271333585	-3.329305331344904	-0.8852511939908444	-2.2320855835234337	1.4403563544288893
tdimer212	3.0690379629324553	-5.88289167472388	7.625318611619736	-0.3153364411469526	3.6627458365896643	-2.4339474367865908	2.3003734196205086	0.6717417420502343	0.869898601175992	-2.622484591681689
tdsmurfp	12.28214038534816	5.7311955642059065	-8.108062244455347	-1.5264686937134526	0.7591569166097275	1.670761096070159	-1.922810642805918	0.5951192265534427	0.2789375287318427	-4.600936743412094
tdtomato	4.859783050095915	-5.9689219858808125	8.203404352884478	0.3689007100856236	2.3473256268258695	-1.7287706759581463	1.6979534108830185	0.7874961813753003	0.9910958381734757	-2.120443472375498
tkeima	12.58416768024007	-2.3770694845281812	4.707188966233908	2.122921910383137	-2.9897494415743697	1.085161881644806	-0.8228870545048983	0.31491259232604174	0.19739647206864921	1.7926998943118604
topaz	-6.062247453551698	-2.046084080236535	-1.8764980721993607	-3.214406778735202	0.6945483406750579	-0.05834478530927453	-3.1345303165093465	-1.4045419947280653	-2.6816725289932957	1.4902872130425386
tripartitegfp	-8.812970792151276	3.275058217065203	-1.5480018715089765	4.864020119595793	0.8154935236158588	1.1650866602860832	-0.5402008227101698	2.2388585715439677	-3.4018099834398585	0.18350318015997344
turbofp602	7.250294552415592	-3.043662361455574	5.537679793657635	1.9532245727347075	-2.3627236407712475	-1.65325041952176	1.9192846539853612	-1.933407796362397	-1.0312878801645415	1.5290440805656247
turbogfp	-5.941093530125249	0.07565940232926624	-2.742807909362294	0.09780755457773657	-2.6519417051307665	-0.35388147169888573	1.5928224866848375	-1.0416810436147252	1.3667204882443653	-0.9071227038081086
turborfp	1.8149692837547868	-6.453006359094324	7.6866249876183765	-1.145019674641731	5.30237440157704	-1.8918190922408578	1.5818766555552697	1.611517939811619	1.1572749222537668	-3.6393821537106517
unag	-7.081351519834872	-3.4253274825889566	-1.3043130031173158	-4.2229698857885385	2.216613270540338	0.8387923709434101	-4.592749150833177	0.23436204814717987	-2.035582044527919	2.153271891017067
usgfp	-5.980780764529399	-0.6851282865334888	-2.6177373100142227	-1.2099477343673632	-2.0088475256448945	-0.528284817565691	0.3060217018708825	-1.9549279565710798	0.5356488781856756	-0.8075556410693656
var1	-7.213495943806988	-1.0937252428487887	-2.6681110033132818	-1.0912014030010162	-1.7221834209446616	0.3035887898583251	-0.24931617808163822	-0.1777979409546218	1.2394435753093413	0.4471847431095308
venus	-5.481422195626325	-2.8980351332076975	-0.8006136821170852	-3.55458257010203	2.0054359247326135	0.26451015027290586	-3.783842938236865	-0.398652135111731	-2.793993594970314	1.7622912370709463
vsfgfp-0	-6.806538870414698	-0.8823552527879773	-2.819796249776726	-1.3134377795233994	-1.78110104999189	-0.016608404672389998	-0.19647349488555824	-1.0404395656316838	0.8202205926931665	-0.1676394211362529
vsfgfp-9	-6.954051155501261	-0.8691982239485602	-2.842741640895448	-1.1795970687550628	-1.867742243239307	0.054038863740258083	-0.09022373792051423	-0.8070101314848647	1.029495444755977	-0.03681607425242533
wascfp	-6.0234511157685855	-0.23529550428081708	-2.6331175953311496	-0.2983666501967037	-2.2400071750156823	-0.2809146962013185	1.2652928324975854	-0.8895558329489415	1.4888319484195915	-0.8757118367892269
ypet	-5.481422195626325	-2.8980351332076975	-0.8006136821170852	-3.55458257010203	2.0054359247326135	0.26451015027290586	-3.783842938236865	-0.398652135111731	-2.793993594970314	1.7622912370709463
yuzufp	-5.2370990118888745	-0.5869044136449835	-2.4662347601532844	-1.4762900563317651	-1.8230975501564288	-0.9302306380917041	0.14138435503741373	-2.9708603787009973	-0.4907066158563611	-1.291943874109876
zsgreen	-5.158164658060188	0.5125375395995602	-2.7499109114609297	0.20799227902315284	-2.872081122174516	-0.8766031394185068	1.9296017040160092	-2.2034738650035743	0.5188062693171142	-1.6193392861216547
zsyellow1	-4.538079629203323	-3.18519076922222	0.3347521052329266	-3.8183394393372203	4.8721777774148345	0.8465719910707579	-3.4175506761680783	0.975811218942571	-2.29064242590752	-1.039225633357667
