slug	PC1	PC2	PC3	PC4	PC5	PC6	PC7	PC8	PC9	PC10
aausfp1	1.5411167112604673	-2.1720446976962315	4.050806798671446	-1.4597898265969562	-3.991940060043031	-3.519087757056165	-0.016532950674615868	0.5958812944188082	1.0549111653377379	0.2743273849040299
aausfp4	4.405674964058697	1.3628902626429014	1.0396319866152846	0.6034028147062988	-0.8626998384959879	-1.5181051118155562	0.37681894785847764	-2.8752544633626576	2.470079098357301	3.569671300922201
aausgfp	3.5918270260108893	3.091823243690284	-2.441785319897657	-1.330917875210835	-1.3020645328589877	-3.6412787619070612	-1.0151390901525332	-0.2567077119454007	1.8139664927916637	0.20156653278302722
acgfp1	7.109853197616911	-0.147294043121807	5.797820136195053	4.288935150031151	1.3999892941656553	-0.4411451180605706	0.4450343197328354	-1.8868779931711266	0.8691311260790031	-0.39234125580459955
adred	-6.731850989322387	-7.839835330622397	-2.918877662562528	-3.35911641574569	2.6340256172219516	0.3314098174306099	-2.6109644531380427	-0.44694022799501576	1.3745345122595944	-0.5507389457067701
adred-c148s	-5.499244984577546	-7.5749074381022155	-1.585830201381097	-3.926093403010248	1.7633897405821837	0.8660233861699039	-2.8665613199732043	-0.3031575144008254	1.7791346480809322	-0.8136956755102033
alphagfp	6.923999353172415	8.721900992874932	-9.84056209155017	-4.094643927861255	-1.5525572184722596	-1.6058921852537043	-0.2599051056422823	0.9324830211664908	-0.4086726797929702	-1.6915234471887814
amcyan1	8.389197338991965	4.133773798888019	-0.3357224864918809	4.770718469494819	6.02629129003769	-1.4931234958221493	-3.644149931514156	1.6689393035607984	0.9142000724465293	1.480347804278825
amfp486	8.461573294268536	4.713002367812221	-1.351152381868142	4.303814109685249	5.977640368086867	-1.3094733907546616	-3.698094150546519	1.7518958744696975	0.9083833159599882	2.2128158507066913
amilgfp	1.7644930807444748	-2.8278522863468996	4.989557264213526	-1.5643904730688245	-4.378330215424822	-2.8614947987878274	0.33353833027391333	0.9331687377590163	0.4430811038211405	-0.00037560007273309024
anm2cp	-5.940945318150454	-8.213554082608741	-3.367471542737049	-3.2503426515589564	2.8683226353550775	3.1126356626169684	-0.8440302592751278	-1.1746020113239752	-0.29963095102836496	-0.8495705017795799
aq14	-8.783236350984046	-5.049105349703985	-5.18315302161383	4.213173676104201	1.6933149293607788	-2.155449334238404	3.643627084961326	-0.3390277859582939	-2.4434060564846467	0.5000025060993601
aq143	-11.486997041199478	-2.940062470326285	-6.29426118770986	7.183079334303892	0.1517875942811255	-0.2797632211878819	4.621820025574058	1.1322234896593033	-2.3644728485660917	1.2970095118029092
aquamarine	8.248064755136966	6.049217774916048	-4.157705326163964	2.6280669690551646	5.732495588078702	-2.065136885878723	-4.637755040619754	3.904809215549418	0.11034479775046731	0.8755422691410482
asred2	-7.105067760522532	-5.762139798249279	-4.368961803870643	1.053257937672732	1.8975730879012827	-2.346406878983823	1.718004728758083	-0.9064358046466295	-1.3130580499269768	-0.4759772748875353
asulcp	-2.054469052995151	-3.6260208709197177	-3.8490526659302264	-4.121908549276957	0.2162434015597887	1.958333914384939	-0.44077861742289687	-1.042472036121526	0.30169800097949073	0.793505034532495
avgfp	7.774803638436701	8.99367228721311	-9.703507990301585	-4.3288208063794835	-2.4554649853399626	-0.16701090737101273	1.3403740462374751	-0.6704050903903132	-0.6374770331778602	-1.4491447149815682
avicfp1	6.497276816288931	0.388715897086068	4.563981657117827	3.6492268456055093	1.084291254366	-0.944878808404638	0.3728652041326471	-2.2851038243119315	1.3425976706433642	-0.2302011513156956
avicfp2	0.02560753279952702	-0.29574580407137213	-0.2703557079131537	1.2314661984167599	-0.8380199462679218	-2.687826159434627	0.15168286367433778	-0.36161988784347376	1.0438872434012816	0.42434765519743245
avicfp3	1.7272749955840176	-0.9035540616063202	2.1191699059281093	-0.1593728283548318	-1.9363536461225008	-3.344283560576584	-0.44479124550653937	0.041660094518567656	1.3869807922116646	0.25591786724793125
avicfp4	2.782500932471666	-2.4960367380365893	5.539643475651293	-0.43118779167626803	-3.6637227775835193	-2.423180619406066	0.777543444517264	-0.08180101130194896	0.6024440058056186	-0.5444721784448125
azaleab5	-6.043641199904886	-5.930379513211728	-3.2728847415469424	-1.3155192033694134	2.150579465695905	-1.9764313099900168	-0.9703828825968921	-1.901352214972333	1.5763050078942071	-0.7137314981453095
azamigreen	3.5285186446896075	-1.6650238639882373	5.538518133040929	1.1722299817730912	-2.3750434449935303	-2.792840844338922	0.9187278338756868	-1.9741522829859846	1.7030399253401138	-1.1315083242788424
azamired10	-5.158758870471753	-6.695616854798452	-2.505577156283828	-1.4348646124253224	2.1526753608814193	0.5216002557515192	-0.10379364739325254	-1.9348591436891187	0.42913832532688617	-0.7799238687824144
bdfp16	-13.422040738483393	13.634120040073613	-3.5594390697125937	6.564617066476122	-6.5617250273162195	6.3171521113222475	2.3384939868914802	2.563795489603366	4.494647139151538	1.0946195765399986
bdfp18	-13.83290867701855	19.02391375585839	1.9035041814460232	0.7082491126938161	-6.057795687617077	3.783230971378936	-6.386120783884353	-4.556056628065161	-2.148876301509197	-0.7178522967861277
bdfp20	-15.69806700729536	23.59797828893909	-1.3938330429222634	-0.59718886314631	4.5471556274669185	15.879345351614461	17.457467598479745	11.80830134597707	11.307196338964568	-4.414279861548688
br1	11.112483200580224	7.799371399042353	-4.908895679239473	1.5422931992526263	2.376886548739088	4.039512148289368	1.7846945832764176	-4.169846665365711	0.6021367883954172	6.1788782717060515
bruslee	5.352176492106562	-1.7344394509279928	6.438951535562625	1.6152772937944628	-2.059493828408477	-0.5497526782915652	1.6377434288369668	-1.342826434612249	0.10683880138864878	-1.2083695047160354
cagfbfp	11.204631147087365	7.483664657857594	-4.173750247081807	2.3678226558957207	3.259981390358192	3.342898764438592	0.9825260465797477	-3.1570021482396164	0.3580625144650458	4.559307717458337
car-geco1	-4.727314652844532	-6.223037168623223	-3.834415899313718	-1.626715640543003	3.185338090695378	2.1791258639386477	-0.4383665096505104	-1.6839947258402648	0.08687122880509596	-0.3954568345798342
ccalofp1	-1.5943050832095775	-6.788682246672519	2.094687306947462	-4.3401142135132345	-1.1673450750087648	2.863308663623772	-1.5093812599114238	1.5672149641713238	-0.22963809671356003	-0.027205180409661606
ccalrfp2	-3.237133927872229	-7.863409646119711	-1.4087902370601613	-4.286106815360541	1.1982025972406047	5.514934537500787	-0.019317528342635268	-1.2416687116827745	-0.7855416469388301	-1.3937939627726692
ccgfp-e6	2.441958364971804	-2.5369601320928474	5.401031786874877	-0.602787282005473	-3.796274887947722	-2.803772660144907	0.6360956904098234	-0.013586014123415225	0.7665020707639452	-0.5950729356480045
cerulean	8.803345759287767	5.457694286036949	-2.4446159874972584	4.000295922562012	6.281428725168203	-1.3223882375852107	-4.130182266722773	2.7961072905147706	0.3496500519160996	1.4491957971679283
cfp	10.178456190302915	8.411350763363124	-6.706644382198022	1.4702887291343196	4.241387378896388	1.6265902973841744	-1.38165574165507	-0.5753748459870704	0.6018160896755911	5.490314907032797
cgftagrfp	-4.6580762414986	-6.31865004077543	-1.3968773525301381	-3.1377778332186828	1.868345888770424	0.1709768838518841	-3.266631930647617	-0.3066453766086042	2.481971875035926	-0.33954718458220157
cgp	2.082377582350326	-3.134203483089418	5.7927276831908365	-1.2361105096437497	-4.538105198204498	-2.492030414463062	0.8186823305389469	0.4979012674209182	0.31448930882154147	-0.28705638637436565
citrine	0.00494850568139144	-3.990122747811866	3.5612402700112704	-3.58867164898544	-3.8424457709862203	-1.259523169808851	-1.501771028568454	3.835787114307702	-0.6731592168157186	2.740040797004571
citrine2	1.4060868515177192	-3.393761686019484	4.735415468936977	-2.31843056564877	-4.153433492265377	-2.0033674913035138	-0.4323652702268722	2.7052860074682163	-0.47318494737131306	1.1111954974549016
clover	2.396629914863002	-3.0720935936190825	5.393078657954074	-1.5014312068653586	-4.178979656687248	-1.5830965288246859	0.5578322275394567	1.29522181768549	-0.30985456697458735	0.40359266625051987
cpeyfpv68lq69k	7.910462431104506	3.151626583426725	-0.5284719442836653	-1.201160261835724	-2.0344528635541765	1.0215279710442424	1.36996228056097	1.4215875678774725	-2.1900869135266294	-1.4613040029038071
creilov	11.260088575884973	7.957586975841491	-5.097474709492553	1.4803256390408182	2.385213006949013	4.1715641521661	1.8317466098566209	-4.158750060605878	0.5289512823296818	6.222928590786315
cyofp1	3.247909207906479	-7.0078882129195925	5.4550525634310905	-1.9140314181930287	0.7946827485696187	8.300381557419398	-0.3539645171225874	2.9537743813826864	-3.854416593303552	0.36194220439170427
cypet	8.803345759287765	5.457694286036936	-2.4446159874972597	4.000295922562016	6.281428725168195	-1.3223882375852105	-4.130182266722767	2.796107290514772	0.34965005191610077	1.4491957971679252
cyrfp1	-0.20325693822743213	-8.139870927411632	2.843439214404691	-3.432365521328064	1.1327447538085935	7.45281639066895	-1.096824596208249	2.3043197532323765	-2.7268870972841674	-0.04316510649238138
darkvenus	0.03995147198757069	-4.616214571788633	4.079193388358963	-3.6296291939780194	-3.719256022759196	-0.6493984668167012	-1.472844314864979	4.075059041520859	-1.0300938943393954	2.518745439231726
dendra2	-0.06854349312037065	-6.312138935601241	0.7178708197443895	-2.0864198836572756	2.95004634457016	5.689148455764604	-1.4247534364921675	-0.8518754137016944	-0.01473851367548626	-1.032809331863237
dendra2-t69a	-4.2687393562979565	-8.25416024293779	-0.5904267770306579	-1.1074723895158274	2.4279811398604205	3.4915066024286823	0.6024514865890328	-1.6256958676313427	-0.879608979997336	-1.8284864404558272
dfgfp	3.163660758713527	-3.3858167637653422	6.283293522971131	-0.8170011835795253	-3.605351668778176	-0.6748914006694535	0.6863400156124433	1.4393527129396206	-0.8083784282003565	0.3180486393609096
dimvenus	2.2123760121480194	-3.7435528793715647	5.426620375840366	-1.984335160806991	-3.7642253222484454	-0.6198454214739858	-0.13650679991573186	2.9044831710237093	-1.2219193301219948	1.0583440357125184
dkeima	11.357715871590157	6.651355182339479	-2.938238788912836	3.424012626420183	5.271719510767208	1.1626074650801974	-2.0224105743564262	2.3721745003607753	-1.5606358653105237	-0.7437976216688779
dkeima570	10.592211575106482	7.272670741928524	-5.0929952237100355	1.8533996725601283	4.974867228405099	0.8967183273106906	-2.8101212604988532	3.6780526647514153	-1.8267330650315756	-0.26601630253280295
dlanyfp	0.3162465982104594	-3.630410568174569	3.9128658772155167	-3.0750636364280624	-4.16296169273667	-2.2754735227422778	-1.1156754650469698	3.313677460456654	-0.31538002093508527	2.094530093311227
dreiklang	1.1006710188537545	-1.0999032841039609	0.7458932350910218	-3.6138029787325996	-4.238640457204067	-1.3556061535435502	0.06952944129971735	-0.0510942833442128	1.2471931345312492	5.208985839958674
dronpa	2.4617265424342034	-3.011300107818633	5.698750455838574	-1.0063240425347268	-3.9734737439259282	-2.0642701047023544	0.525368265880931	0.9667963660401687	0.03311385235830373	0.0913582310563584
dsfp483	8.50611062722358	7.550658629369923	-6.607709288101991	0.9436180623322983	4.5585068246079485	-1.732880723324064	-3.9798875349820686	3.798283476715204	-0.2804852731106784	0.7664110628779356
dsred	-1.4375081498787887	-7.779748532908638	1.1707835777395288	-3.3896251098471373	2.6323555986258094	6.018204418902378	-2.676644002201909	1.4454386895533038	-0.6665720276666289	-0.4083960790241775
dsred-express	-3.8487061667363154	-8.254572468191451	0.3317379065021821	-3.774434537444246	1.8239078184112387	3.541177727843625	-2.398571985508721	-0.2865390055276028	0.9451769489776926	-0.9350244729011437
dsred-express2	-4.249068163680606	-8.327252551922545	0.0006702560117235965	-4.073457187365501	1.751138806093384	3.317991267298641	-2.590693332922262	-0.06641138620115346	0.9890378336072809	-0.8679723549269475
dsred-max	-4.924204999050492	-8.553399651633745	-0.934702885022066	-3.212983272098092	2.7580224584728232	3.0813617573154515	-2.1108062042340303	-0.6711183402008039	0.690142371145501	-1.136658813120585
dsred2	-5.301421366305255	-6.593303319776278	-2.6676227767147815	-0.8556772599997216	2.4531333684128627	-0.30924814610195717	0.12192467397370355	-2.1947972464154475	0.35529724775087373	-1.1729925902663372
dsredm1	-2.1194713284072417	-7.211897692311682	-2.462040875538021	1.3941185563703031	5.225350066436344	7.801075129009703	2.780160216543053	-2.801306278415254	-3.2631738501206113	-1.932736750563255
dtfp02	8.471664613730768	3.992613955358059	-0.0024108998946270753	4.750249503161431	5.5718014183680715	-0.9395175545071478	-2.9029796093144515	0.6044630721710105	1.118090057037065	2.126846921353476
dtomato	-3.9434253894847164	-7.3738865102660425	-0.9398216064126438	-3.993052679696129	1.8720002083750453	3.0996663150473047	-2.571343549046317	-0.3052306938205719	1.23769650589185	0.0765330369649408
dylight549p1	-11.617959052282941	8.839511335004557	2.933517312572962	5.826837993257609	-6.790994093745621	0.5981866022064044	-6.888705705143751	0.48852580728483674	5.165674426789603	-0.8200446967799551
e2-crimson	-11.121271484239964	-1.5018196600929339	-5.587983261070361	6.8519962459680634	-2.0005952232925757	-1.0718599798482613	4.469019894438737	2.201368374925951	-2.005341210930215	2.1178055715293573
e2-orange	-2.205486005524246	-6.9302060921494295	1.2587896320299754	-4.064130727452369	0.6491024498789352	3.317428400577124	-2.7982059020307934	1.5597823995212423	0.3371577125876595	0.45924511658151757
ebfp	3.8694523651967123	8.133878669948237	-11.130018697608374	-7.734212001317387	-6.607536996781349	-0.7627033827015929	3.1020457901867142	-4.385939864334047	1.9812945983997494	4.147846189034658
ebfp2	3.8657150344197935	7.683611320365895	-10.284628660812466	-7.032321310421965	-5.745867198603204	-2.107192199158009	1.853107586200558	-2.207955241763296	1.2424569498570703	0.7359708611953119
ecfp	8.803345759287765	5.457694286036947	-2.44461598749726	4.000295922562012	6.281428725168197	-1.3223882375852134	-4.130182266722769	2.796107290514768	0.34965005191610044	1.4491957971679277
ecgp123	2.8255198595927475	-2.0251261828568157	5.554777093449648	0.4787087829527371	-3.2596213760011175	-3.1895176132983627	1.1263519448623593	-2.0127766914590604	1.782190553296639	-1.393285681846613
efascfp	8.12860320065169	3.505952206022906	0.6135252950425508	4.950707353466868	5.5521432070892605	-1.2223146261537172	-2.9883087393508445	0.5294666342971313	1.3130635544100495	2.1084202989534204
eforcp	-6.864329370616696	-4.435117901817403	-3.930110016906372	1.7241775009147882	1.5561276726376525	-5.170461329379923	0.9509893358627771	-1.6458739004074723	0.6240730263845451	-0.1948112030323929
egfp	6.40576618577074	-0.03200505506145651	4.685071212086881	1.9133115145661528	-1.1965832426421543	-0.08668029983523917	1.6454354294555087	-1.768646396567997	0.09960969213570348	-1.4048692002312233
electra1	5.0963492005296835	6.8735581726031585	-8.07977981695918	-3.733220612739407	-1.232788992239906	-4.097595207150409	-2.0053335938588868	2.989097238719235	-0.15768931130332334	-3.4842273238791015
electra2	5.052521859512259	6.835041846764736	-8.049708561858218	-3.6839096705702237	-1.1267319157942166	-4.231812610286654	-2.1635189658028815	3.193045759041849	-0.17989925058469203	-3.611124398249706
emirfp670	-13.967238355646968	14.70125704128262	-3.303398838518306	6.230307865769313	-6.872841697088873	5.669558522442622	0.7745675921004529	2.6653210459786694	3.888506640123103	-0.7011694354749506
eqfp611	-4.911418654691744	-5.851062203297751	-2.399172594181041	-2.871390676360102	1.8855980923374875	-0.0541166895236405	-2.3876117523637617	-1.3976175866076985	2.3787032238395076	-0.6857865819750403
eqfp650	-8.589971953048035	-3.8123700601136155	-4.210299699312146	4.330510090263229	0.8731446792506142	-4.315440787974982	2.2381077632749444	0.10304660296268356	-0.8246453622435813	0.26650179414433994
eqfp670	-10.692125348902048	-1.3038595896581218	-4.02739870062049	7.640189689254877	-1.5040438790932813	-3.6835528122571444	3.112018313140909	2.401905232224158	-1.0478361528985183	1.2564408348161509
eyfp	0.64529342604922	-3.482192427543535	3.313109956385828	-3.7103894244201534	-4.19141267797058	-1.0585928045758752	-1.0220265959799735	3.68228367062515	-0.9256003873944054	2.629134595713739
eygfpuv	6.240621930491506	9.102040811501436	-11.1404533343717	-5.402287374650454	-2.470616889896734	-2.139514417900484	-0.3141386048915084	1.3970775688025314	-0.47478315197931364	-1.9090019014417645
fast-hbr-35-dm	4.174410190391463	-4.28194468870934	6.008942542786608	-1.397995519613667	-2.136115044656315	3.8878781163462044	0.9541397456202763	2.0326963560480213	-2.552348999487105	1.0915268859887362
fast-hbr-35-dom	-0.39579036041169563	-6.726670571524777	1.3100661908361004	-5.471454617903792	1.4949146404001008	9.360321696032296	1.5265683263160237	2.110425597177349	-1.7028077224370206	1.417478951337882
fast-hmbr	6.71205560822017	1.2929420608086915	6.308793178434089	1.3590354614809994	2.4408832842215347	2.870122659983828	4.570759114569894	1.3240017028636069	1.9155651391250863	-0.42200506518096853
fold6	1.474794341643828	-3.6663448270007533	5.406472194611853	-2.1559191204586	-4.584680849088093	-1.9427154148316506	0.14599699439831024	2.0003556409732455	-0.3480789926928053	0.7097881960768979
fusionred	-7.589288974504246	-6.638536559752215	-3.873326096763464	0.07220465303566821	2.6227476269534016	-2.0245573991380765	0.003267504976344483	-1.4515535803757051	0.40188787244203295	-0.9435187080307235
fusionred-mqv	-4.402273362606178	-6.553288323151484	-0.8376956082740489	-4.247052182459812	1.0769772287337802	0.42961171114643376	-3.6467268168672438	0.37799189281255186	2.3749077133869334	-0.09797116968533989
gamillus	2.873116645130227	-3.4450851779511815	6.225085641801397	-0.9945360442529987	-3.877794308827856	-0.942935828637657	0.7790495441558403	1.1968394779309774	-0.6124850851678932	0.10646751071988113
gcamp6f	3.5652217342049255	-2.5477410574722827	6.23792114903091	0.2237724927735166	-3.331903092194855	-1.7385360607549645	1.1873501944029297	-0.47528135443550557	0.34582773697629304	-0.8906433046362263
gdt	6.9455534471183435	0.6885694922292952	4.542058844516616	4.465389501503569	2.211852748136956	-1.0020629122711275	-0.21171078682151603	-2.098716964256908	1.505495777414471	0.12849959036454306
gfpe222g	6.279101901358809	-0.23945808275837696	5.4461097583885465	3.66048142811371	0.6624504196642901	-1.1392429026336677	0.5558648907239965	-2.259839439948172	1.2983924473939743	-0.6737950600167957
gfpmut2	7.738242065142231	0.35587656019020997	5.045937163836225	3.2709688907874908	0.4597801004198281	0.4432922794623153	1.1830853409326694	-1.4890096147363692	-0.121246234742919	-1.2430865904248716
gfpmut3	3.412908064863488	-2.3233051697068627	5.631123721662757	-0.23440728978185513	-3.4767616520936087	-1.818572527283257	0.984595353622039	0.0027258123776639693	0.20172593733535402	-0.6416582376126857
grvt	-0.44962025093927366	-7.22622533847993	0.869070395133088	-0.9946513051946215	4.56645383222915	6.348829974852615	-1.5792179371064983	-0.9528366037465357	-0.3468989744382141	-1.0648100143162884
h2-3	1.148735726849154	-3.0466540608045403	4.614662073562871	-2.0899719304398388	-4.4018660189278975	-3.0212771864639314	-0.2649929295263093	1.8271632210155588	0.31900761186441406	0.8714015110585845
hcred	-8.845908234565313	-5.052871128347662	-6.074085929625227	2.657709668659514	1.2468526495459344	-1.1881137800425687	3.6291779775493285	-0.8821897568447656	-2.216840994455237	0.8844435037418703
hcred7	-11.19962447346389	-6.167535914549295	-5.324010441625976	3.8059965247055327	1.5156723577971656	-1.5752535113662964	2.50784292482917	1.4670124483711922	-2.4262968230313353	0.6575037301198015
hmgfp	2.0030611975288446	-3.3961823180479773	5.516163405554786	-1.7166758448550288	-4.258060527231602	-1.7930260789981582	0.21645843101576806	1.9089351978007216	-0.4265407857244351	0.6827217115903204
htfunclib_acid1	9.094149524425212	8.294774719772697	-7.710779730332707	-3.181426627983427	-1.9674877537230921	0.8432088634340807	1.7729169069250577	-0.2624391518305534	-1.6448165764278868	-2.911822240397959
htfunclib_acid2	8.646289025986869	8.133001857775609	-7.822414850793353	-3.5604782860523483	-2.3096707101391805	0.5011958051403832	1.6716350482116054	-0.052705379622349745	-1.5876639649278952	-2.966622050113266
htfunclib_acid3	7.599259557577566	1.4576694042528013	3.6782280779070673	4.7270300344515075	3.1229965993404494	-0.6682278402156492	-0.7010604722635077	-1.5572009480499964	1.2709439570655041	0.5529191693640154
htfunclib_acid4	5.071629348719631	-1.5455098663221976	6.1774718770913575	1.941877592097055	-1.60166100798033	-1.1426129927255275	1.266041199522411	-1.6912592231054766	0.7248536468409918	-0.9977985243146554
htfunclib_acid5	6.120619948441657	-0.7320006322169829	5.824359375908702	2.9974114348371823	-0.24165672468204022	-0.6890619604696496	1.0358991948640808	-2.0347634629572298	0.8138686206923621	-0.7755750734099355
htfunclib_acid6	5.742084925352688	-1.1711612311093023	6.127784300603515	2.500685238073187	-0.9580516849856886	-0.7270691894275678	1.2713466289161968	-1.8832710338457435	0.6598283376307139	-0.8985478229139292
htfunclib_basic1	6.509845468950057	8.86290742177665	-10.552581218177753	-5.223950521064413	-2.7424321961014217	-1.43864701584116	0.37988172493386757	0.47058908104302016	-0.4047455901304123	-1.4176622607765885
htfunclib_basic2	4.915398621448262	-1.7191906401749282	5.822262650679051	0.6659108327542859	-2.7569321034516787	-0.6074824031826533	1.6186022167208487	-0.7974296420583693	-0.13883933881747149	-1.0325155557786985
htfunclib_basic3	11.389835928408525	6.074876109781489	-1.9719393939014713	1.334685409889762	0.6197626152459379	3.1824866950970785	2.5713681949801983	-2.169952616582584	-1.5972630622284374	-1.7964992132160615
htfunclib_basic4	8.866611935003542	3.001493108670178	1.8559898931244392	4.69646230617573	4.119424956401119	0.1390626472104036	-1.1027653200619687	-0.7797509373343376	0.6814436066414604	1.058573058809907
htfunclib_basic6	7.530203770747562	8.440283433368446	-9.081662753000423	-4.294470212239263	-2.438611930589705	-0.6493287604600081	0.9005097909503526	0.3432071130155994	-0.9918464674678609	-2.4307798813293275
htfunclib_bleach1	6.626864871616281	-0.5876846260690728	5.7835764367643145	2.985966668234301	-0.1682166671328589	-0.07337416732350657	1.1899064049601913	-1.790930706580328	0.3656806310986711	-0.7060083461960668
htfunclib_bleach2	6.311634330686472	8.64093191146855	-10.250848023276607	-5.453129810912628	-3.458522666795776	-1.1720061636348864	1.0868791989716189	-0.4894487184138677	-0.16798999307711937	-1.0852513311494987
htfunclib_bleach3	3.722434018801266	-2.6934285739356594	5.938734135920792	-0.5988402004636235	-3.704612662466803	-0.7508085288534303	1.193415077047901	0.645246907160598	-0.6340437170765015	-0.333939404491266
htfunclib_bleach4	6.80303745124243	0.10354648839788397	5.203367955515593	3.907977171786933	1.1194148769004437	-0.6109224169392818	0.5521022185057071	-2.299090389241643	1.1494612928082704	-0.26734240949838123
htfunclib_bleach5	6.446146349637223	8.477690064170668	-9.900124618559602	-4.866370393530071	-2.5331278544993037	-1.7825075935956602	0.12792855338807577	0.859404773384246	-0.49832036537474317	-2.1285405054601223
htfunclib_bleach6	5.161996459920009	-1.9825628019424106	5.804074902868309	-0.036800694319695806	-3.1561984547771953	0.4007540172907403	1.7220840320834836	0.2863571845953025	-1.177963388262743	-0.7758911480061105
htfunclib_em-blue-shift1	9.417383445928099	3.6797287956058855	1.0381996165508198	4.003610976449381	3.37434317169301	0.7575028572868533	-0.2957618389068045	-1.1299445102029548	0.20606475031978153	0.3066156041050371
htfunclib_em-blue-shift2	10.78750750444081	5.7459030827078665	-1.6370553780885246	2.2343172597932868	1.876703390722402	2.297749389447805	1.3594947598675673	-1.8079904807666916	-0.8409337780358169	-0.706830201803146
htfunclib_fast1	8.566650934211212	2.675728285363156	2.2347608622878656	4.741439336875619	3.918213251775507	0.026066572988150776	-0.9375322660755252	-1.227933501558722	0.95744345036126	1.209882726973946
htfunclib_fast2	6.924932728258552	-0.30697560998920187	5.581868500582828	3.1178291382123047	0.012773867372293607	0.11554341638958422	1.2660536516306928	-1.9436588448843353	0.35406160199808084	-0.658997170506735
htfunclib_fast3	11.318798202706516	9.142452036272461	-7.374281176994536	-1.3076362716451366	0.07596065675249536	2.548720139083362	1.8588490509849638	-0.6060690187430032	-2.104702807629768	-2.3927331569065045
htfunclib_fast4	9.409537717319566	3.229906011325429	1.5315259598961077	2.6036443755381207	0.9505699042461255	1.4078849280908723	1.5134022728987764	-1.788315280952193	-0.5961657203540706	-1.573447583243165
htfunclib_mid10	5.838359621150787	-1.1919993517251808	6.208764530215984	2.5415729443816675	-0.9312421981083283	-0.6421264167835399	1.2855554624387668	-1.7995437262955285	0.5615977422504402	-0.963969299337822
htfunclib_mid11	6.118439243359597	-1.0972822436464809	6.201663805771879	2.6169559421554407	-0.8192064988899361	-0.3448069545853322	1.3533923576001645	-1.7484200628512805	0.38473380525805645	-0.9242792805556552
htfunclib_mid12	10.498720509545084	8.800863022403618	-7.418337892834555	-1.9219935615482278	-0.6888583112542656	2.0396686996141864	1.9626744508943186	-0.8833358259642212	-1.7717380377461687	-2.247423579344926
htfunclib_mid13	6.787097730013038	0.047540383870116325	5.265155002629129	3.826163339587701	0.9677117753657898	-0.5894778754028266	0.6524511806057606	-2.3214245533819073	1.1029202814571044	-0.4027733262841109
htfunclib_mid2	7.431847504427019	0.1355272808856278	5.346666633372858	3.8386858488407163	1.088874918471045	0.12860854663750879	0.7508826721951484	-1.7590312252353106	0.43270095579171736	-0.4751705767076946
htfunclib_mid3	3.907171327149839	-2.6226006556445896	6.0123914810071835	-0.4229009696671717	-3.5988620758085608	-0.664835361362461	1.2858285401539982	0.46498923285487764	-0.614781893406642	-0.4477079238301757
htfunclib_mid4	5.39790640143337	-1.8528734293289673	6.024371102139012	0.5009589376310994	-2.8231945906032534	0.30713592946983054	1.8008518412640213	-0.2451534140106079	-0.8725278634533341	-0.8006043458279449
htfunclib_mid5	4.252602126635867	-2.288902906573367	5.686670695177996	-0.4890931115797843	-3.5861668169346235	-0.3834646702881538	1.4399104905838198	0.4332102403783641	-0.7962658612607459	-0.5634950339699438
htfunclib_mid6	4.315720352453332	-2.6340250010288986	6.402014993079657	0.07925020559478294	-3.23122506178563	-0.3905376719016656	1.3678582315235017	0.2698488954119935	-0.6515827970564761	-0.4602781374229765
htfunclib_mid7	5.819296818650381	-1.736419007809187	6.603825453503402	1.8241412266721486	-1.7192400670061967	0.04664682453886865	1.5984937827429382	-1.0228359807465768	-0.25715967987989996	-0.8660185085342029
htfunclib_mid8	6.523377148729197	-0.21707590693773327	5.20884352676774	2.8114205863133344	-0.24509971277529569	-0.2810307320125278	1.2334973043398998	-2.133842551511486	0.6299752687087125	-0.6732346009680413
htfunclib_mid9	5.316788699519566	-1.8371799632988457	6.360111181035702	1.3001082641660442	-2.2292602063686258	-0.30295049053507556	1.6009878209581294	-0.9332937606985792	-0.16846592787539452	-0.9408930486544684
htfunclib_photostable1	5.680398711527759	8.574508837697628	-10.635269413690308	-5.9388514447737135	-3.7690087316799885	-1.739558230347473	0.8180050282937049	-0.21201560639044678	0.014339116880273306	-1.0589142346088205
htfunclib_photostable2	2.6980709348066156	-3.3889872709186775	5.893320056378495	-1.3606716095532867	-4.031598939966395	-0.9541042111061395	0.6093718649089462	1.6243158680756518	-0.7538100301586196	0.5348000648856173
htfunclib_sfacid3	7.48875674828816	0.8906637538001256	4.37474768919	4.2443932295307425	2.0838661716609144	-0.33600439257869225	0.0365725439290079	-1.7429336924650447	0.9138030636865928	0.0002860742191628579
htfunclib_sfacid4	5.066298478875469	-1.6227056961353719	6.203314305255097	1.7880399288281104	-1.7473727763891687	-1.0092531094956487	1.3216832445684368	-1.549903757210331	0.5745954621675814	-0.9745072492458793
htfunclib_sfacid5	5.990217169863646	-1.036990755874009	5.975109269793585	2.4076620530040613	-0.9476338789284235	-0.4037941235826408	1.3385791616597167	-1.708492044848012	0.39247535296934205	-0.895929003270014
htfunclib_sfbleach1	6.196998751298211	-1.0421676404244828	5.850019068351136	1.852410206803795	-1.4914581609911837	0.13812739186191636	1.674975867102544	-1.3291454244132774	-0.19073869712492855	-1.0337731591276542
htfunclib_sfbleach2	11.319131331996442	6.773873008505386	-3.809858876578555	-1.6871312630160296	-2.4944737621358177	3.9926542119743478	4.247316183427854	-1.854269905369948	-2.9629519653244936	-3.4113879756333243
htfunclib_sfbleach3	5.514120814009595	-1.717104786420112	6.131184681424342	1.005038905088367	-2.411603548114304	0.054725276080160215	1.7296936194192822	-0.6695847129414992	-0.5287492677372003	-1.0040282897513282
htfunclib_sfem-blue-shift1	11.533638636029245	8.879109494846407	-6.813500936625599	-1.1269159892261256	0.013067888722743101	2.7329030764711044	2.041698093504195	-0.6624276147919499	-2.2824030094870253	-2.64339991220155
htfunclib_sfem-blue-shift2	11.221882931098483	5.848521043889303	-1.8953866748068744	0.5829613989834941	-0.4403438549688833	3.493696719862716	3.210870761479606	-2.2772639109039567	-1.928720800058974	-2.0832554305659343
htfunclib_sffast3	6.822370959027595	0.0035405051045372424	4.801493016149315	2.083174053674004	-0.9468472881899858	0.1970308710038897	1.6642700647685844	-1.7263351489627679	-0.037958709116130356	-1.2289773978768679
htfunclib_sfmid10	5.904648456711613	-1.142501413915082	6.181017201480834	2.581589030153392	-0.8741273470188329	-0.6014919359276072	1.284825813843941	-1.8081324123189342	0.5465345051590305	-0.9670066360983675
htfunclib_sfmid11	5.950208710663323	-1.0580026587780116	5.936762153218883	2.2232385760883555	-1.167607086969364	-0.3662626351578015	1.445806728088364	-1.6882247585758132	0.3223515084698516	-0.9488674800385848
htfunclib_sfmid12	10.555168186047633	5.365806036700176	-1.916158733903827	-0.6806877269706582	-1.8428445855517925	3.1648928042700364	3.472503504987293	-1.455638678100394	-2.50644611452798	-3.220785823281577
htfunclib_sfmid5	5.433039472033108	-1.3168610527920008	5.048850499733954	-0.17800126759825877	-3.2095448598948497	0.35573583976281103	1.909128843623617	-0.049846776088088705	-1.0931708948523524	-1.0735345074656601
htfunclib_sfmid7	5.938904603397472	-1.1601320186639577	6.105536562385278	2.3335467576235684	-1.0875457416339853	-0.3926993850138879	1.3898535511981902	-1.6450484227423388	0.3327015121300926	-0.9436101898336956
htfunclib_sfmid9	5.2955617050515125	-1.2921302462960618	5.083245449034159	-0.028819246102572894	-3.1670325534513095	0.02365241167267874	1.8795237750898308	-0.3269653639004472	-0.7976262840357471	-1.1562865416993418
htfunclib_sfphotostable1	7.509322914565875	1.1656689139921284	3.248349824406252	1.287424484784813	-1.382060014567364	0.8360024786012573	2.1858286814538648	-1.8101328963932914	-0.5256210703111129	-1.5992348949383324
htfunclib_sfphotostable2	5.133886130021689	-2.667243104881642	6.928670157776463	0.6258190305429233	-2.7803740443947746	0.5306417440087767	1.6509487302784416	0.13689440159892793	-1.064170550041347	-0.5276032194609552
htfunclib_sfthermo2	2.4610224736469113	-3.8948660832226514	5.716142708765133	-2.0678887435758297	-4.051198370578874	0.014084141799806613	0.36008112472157267	2.5610841317247	-1.4697541783565387	0.9654280059203774
htfunclib_sfthermo9	3.434944069395695	-3.1971321104161916	6.408807964385045	-0.5398564337097682	-3.6474894449002244	-0.6908980870363772	1.06065386496147	0.7553525906487388	-0.6103128931539066	-0.11133396416594124
htfunclib_slow1	2.1576504299195327	-3.9841599547075552	5.9624507579791635	-1.9393127294370345	-4.28148245675693	-0.623719129643783	0.43091490343914535	2.161722346614861	-1.0343615679797844	0.8168351737577447
htfunclib_slow2	6.803994262633798	-0.3747697248823763	5.802527311929272	3.5641141082270558	0.4131500888232768	-0.27884491464337935	1.0146032606812259	-2.1551889061714533	0.727816789050314	-0.6622784813171058
htfunclib_slow3	6.423939784394362	-0.3432068189292015	5.573731184631949	3.4365181820313695	0.3224068767039746	-0.6932030743294689	0.9019197056084765	-2.3190227108958577	1.0416671678434621	-0.6222053398315638
htfunclib_slow4	5.361065600806726	8.686773104260803	-11.11581320672186	-6.294764396829353	-3.914241539817127	-1.9110855646529792	0.7020471951672785	-0.20002783147038525	0.18156198124863165	-0.67311513031453
htfunclib_slow5	6.542741837576603	8.218981347451912	-9.509944030155784	-5.122077778536607	-3.1598072657889658	-1.296261441729146	0.75202246198306	0.4847057800589285	-0.7026614142614818	-2.158551300215571
htfunclib_thermo1	1.9878388232726467	-4.317701991295577	5.893272370002081	-2.2897169050192403	-4.204962254376028	-0.060272602372581516	0.23386283301278885	2.683868725947336	-1.4021791384195113	1.1594869315992828
htfunclib_thermo2	1.2629955510994597	-4.483384192190791	5.252133209005292	-2.9498840603518945	-4.222010758026927	-0.1931024269813974	-0.32005089332079734	3.334903495494862	-1.414820581242512	1.6559833065872234
htfunclib_thermo3	1.9124876992799549	-4.161197783522366	5.705683088761593	-2.3472895567123935	-4.295388520694364	-0.32857698135031677	0.2194786437178124	2.6207940510722256	-1.2715825301724653	1.111209114737573
htfunclib_thermo4	5.728315175756792	8.847162429318658	-11.150100042912849	-5.968078044193782	-3.359421563930875	-1.854170723207373	0.37863199326273944	0.27403686373613806	-0.0342128328404658	-0.8900498333934244
htfunclib_thermo5	6.0307894064350025	8.897226510730842	-10.96517910244269	-5.530225402340118	-2.742025746631921	-2.1783877654523276	-0.17301833719579193	1.1979798754109303	-0.3802221522734572	-1.810529950501273
htfunclib_thermo6	5.5989839796233865	8.385786379225559	-10.376572508536656	-5.378142419638216	-2.7627209024068216	-2.653776371233907	-0.3895276206735843	1.3425653419515766	-0.22720798395528305	-2.1592258558880064
htfunclib_thermo8	6.207660131672975	8.449285547531025	-10.058401448260492	-4.78070316590923	-2.0718694990926947	-2.3820275669346884	-0.6134299159534607	1.740132906378237	-0.5308734280400406	-2.4303299606711932
htfunclib_thermo9	3.0262739523370983	-3.444819307990034	6.3126392002334	-0.9549880142485185	-3.882984887190647	-0.7502304476600404	0.8826807723898566	1.1654776568166971	-0.7119120879187644	0.1172491841590619
hyperfolder-yfp	-0.14989694681974586	-4.935338869641001	4.139756768027911	-3.8969148208087483	-3.8422503305323614	-0.2960772570559729	-1.4092976143507951	4.119209403951103	-1.1707832742075461	2.5282850439113687
ifp14	-12.247465225779651	23.87452461685169	-0.8690876640062871	-3.8376588059578456	-5.055591346050985	5.28310609894438	-4.110261242574099	-6.615709918637741	-5.761906981034702	-0.567759308872012
ifp20	-18.47330874779966	19.865263734280163	13.181498826110591	-5.3277826137719275	4.478005962719801	-3.3802522894599547	-3.8425013617586594	-4.004324283023284	-5.412062515713547	0.7621798133259501
irfp670	-15.576349846217527	8.364299362848815	0.3377036075799843	10.783532167048756	-7.199808747127732	1.7881268336849003	-3.2697098461486998	2.614315655911992	4.573337986476989	-0.4567907060517161
irfp682	-15.900650668277622	12.137125942404605	4.069628739992681	7.08578037801588	-6.471167092483905	2.088392172831071	-7.265745735042169	-0.5085379126667912	2.771602724556976	-1.3816849439974712
irfp702	-17.19312849297361	15.360086117740547	6.918135371515887	4.540229196797625	-4.975638297796544	1.5331581499830145	-8.635731567799263	-2.6044239083083767	-0.47308111088900684	-1.418169271674088
irfp713	-18.623894450755767	19.192811981527218	11.782735491546163	-2.5600954960112103	1.6003229486619004	-2.097536758751173	-6.754718347860365	-5.11157032894625	-6.077292786110132	0.05848574369757047
irfp720	-19.33651476182974	21.645473116646876	15.379594161505631	-8.30542841994115	7.595088570267799	-5.6534012424556055	-2.7730588307922703	-5.178008100286799	-8.758025710459862	2.1069572246891197
jrcamp1a	-6.254355461441222	-5.944070332751771	-4.622309499324874	-1.7055235897608925	2.26721411443299	0.21759202030187874	-0.10247541986031582	-2.3344142944793105	0.8701906141978676	-0.11020067649389223
jred	-7.120636847291678	-5.854791031810272	-4.524126539921877	0.48548082697690326	2.1804589798684613	-1.848636171144253	1.0949378796359208	-1.2541017926557188	-0.6087370049704358	-0.3943321116906173
jrex-geco1	0.18184213157191675	-5.165179148224342	-0.03510754250612225	0.03244477766623868	2.7070201768163265	4.615634846572328	0.6807881741614684	-0.5253531139338379	-1.9431545180334453	-0.05190824050323087
jrgeco1a	-5.2023439572650485	-5.937108016070788	-3.9255617243999015	-2.0086986856015616	2.4661060126161956	1.4911795165562058	-0.579769122636734	-1.9195615819038812	0.7626452947550828	0.054953480130842176
k-geco1	-2.8090007459709803	-4.884902892137861	-3.8873245819682776	-0.3411683045926051	4.1347857415548	2.938079475552476	-0.14970781136450748	-2.0258841975150506	-0.1621780533419145	-0.44522250834859456
kaede	-2.4981642232042165	-6.07130345911945	-0.5517799581466021	-3.2135944810536015	-0.37267101580007683	2.1111483928597683	0.550380732692894	-1.5738742891894553	-0.01653657845950132	0.5426583556622356
katushka	-8.214753093558418	-5.324739825220197	-4.131207201276962	2.745899262552829	1.785423023734082	-3.1156146232623683	1.7070667481439952	-0.37347224588890154	-0.9471288732120404	-0.17252935342176465
katushka2s	-8.242644543075972	-5.560317243694633	-4.199804193448779	2.6628404552556444	1.989593286962091	-2.9402045607083784	1.7466861092061687	-0.5630611291547043	-0.9670570622737841	-0.36741867074276885
kcy-g4219	9.003716286163025	5.217921686062395	-1.7882193538809983	4.0773394988298834	5.652659761617823	-0.7595416299019168	-3.0930612994926965	1.3176372370086513	0.6208387079748461	1.724136334348156
kfp1	-8.169820565900428	-6.551333524522333	-4.435588411971547	1.7386653052127512	3.039738357099574	-1.3479830526229084	1.0621695118538077	-0.6648067905047843	-1.0049918967905769	-0.7653088649867418
kikgr1	-2.1921157494215966	-3.776265711909551	-4.208426278898394	-3.5603707644382196	-0.5288368600238862	2.956761327971232	2.3367298667336964	-3.798319179783261	-0.022477725159684433	2.464922982470643
killerorange	4.759608550882291	-4.990988870597818	5.26432101862147	-1.4826495253048202	-0.05274334284721963	7.008193408741301	-0.006164354879358462	3.3508967243713466	-3.994931641524778	1.3072886572210278
killerred	-7.010872988968767	-5.611690075098145	-3.838249878294896	0.3097316862385978	2.163364298255824	-3.9433650968350182	-0.053188941564417745	-1.4430637115346219	0.7511052797966729	-0.440398744067082
ko	-3.455296973975228	-6.413541730340206	-0.0547017650328385	-4.430959816301877	0.4197865475450225	1.3637242497815187	-3.2742422529581336	0.9771785554796915	1.6597443052962104	0.6499232644836215
kohinoor	4.490319051256428	-2.18998612231566	6.616547000711312	1.1214669179151953	-2.758358560626731	-1.3138309179568661	1.5491626575463806	-1.192285672928569	0.38159083053651116	-1.2012057149772126
lime	6.028168193489612	-0.5594102803926165	5.331671040397368	2.2667395527881284	-0.8780300111541685	-0.8134214040898601	1.114676388288526	-1.432178335115852	0.4023951740878395	-1.357535460448502
lss-mkate1	11.494816564179809	6.714876563471606	-2.764145738405776	3.818917526146104	5.353233673550887	1.7473936159854444	-1.5009761078101331	1.2049706529092106	-1.2311888291853659	-0.19286672891999349
lss-mkate2	10.780754700184612	2.2138187409136663	2.095132607603333	3.5554474273712495	4.083432621313386	4.487291053298302	-0.23245404816766502	1.5473311211206708	-2.7595116307123364	-0.5710555772060355
lssa12	5.616243344692384	8.11104506748798	-9.871136389802238	-4.853922222301974	-2.142857125528924	-3.074818127745325	-0.9895842362521603	2.073272827030078	-0.3379277084030464	-2.7348993219446056
lssmapple	6.907867734858077	5.986165173260585	5.668783178784042	-0.7493275188319402	7.958660406208667	7.80637594521163	10.18899588153825	7.029610036976947	5.43131902270986	-2.2344264795490485
lssmcherry1	8.732427643751583	1.090404859968772	4.102557837349406	5.869797093786655	5.201465226506997	0.8707293489744674	-1.5391212847293287	0.2877888393426134	-0.05192496698120722	1.1180125206286056
lssmgfp	5.588879898549715	8.069951747607927	-9.83019002530196	-4.885772220685276	-2.1989421267446043	-3.10583696684415	-0.9778489034396954	2.112596413064952	-0.36907302205643655	-2.8624905215586463
lssmorange	10.322297102270428	6.981407326217431	-4.055356264159394	3.1925727928232215	5.719886123314517	-0.2313387238743545	-3.122629026592934	2.6674969949711516	-0.6694450721458999	-0.022640036391408547
lssmscarlet	9.344088082422628	0.4508338134880702	4.331280617648362	3.5147564647798912	2.6951624950996194	3.5819666870994538	0.27668736311396247	0.6803079012632514	-2.0320328705175092	-0.2725132203664231
lucy	10.504672113253141	5.3607741092639065	-2.1380408156063924	-0.16343480566384427	-0.9425674383252364	4.837054462309447	3.5979139392365638	-3.1773507336963007	-1.4576771427862372	1.9247605517587916
lumazine-binding-protein	7.332518587399675	7.583325482065061	-7.613438335517832	-0.9125405354329437	2.695736064058808	-3.09259574742803	-3.819387240197635	4.726566060360645	-0.7142571748417623	-2.1689769518105835
mametrine	6.314658657986613	8.23673303496175	-9.598528220266582	-3.843040852562966	-0.6980918420199044	-2.936919579005649	-1.8094662572159361	2.9901058927539528	-0.6015294462650418	-2.570408257574231
mapple	-5.953147548812397	-6.883840538718627	-3.659339518896744	-2.7976597225296485	2.174576435785057	1.2675657043811974	-0.732109642363729	-2.126884203495045	1.009369956216384	0.19425465687886256
maroon01	-11.05207326601683	-1.0647751175825935	-4.024868003119704	7.958179259039429	-1.8500314707741745	-3.350441303512757	3.1639513549988867	2.8015744899325234	-1.0021626821446108	1.3385375521073226
mars1	-7.071935958015394	-8.941696004187937	-3.6600543677516053	-2.5299352614944417	3.1467519335747816	3.3007163228351373	-0.07777829633283412	-1.5180756037491394	-0.7263942145784222	-0.6114350749520098
mavicfp1	5.930519850241998	0.6310560556954191	3.7315708656825413	3.1425811471974643	0.9392024800607616	-1.401961008278232	0.03364002465887298	-2.0515554733536923	1.5725059629743834	0.10611089173268798
mazamigreen	4.21724704442241	-1.3233021546848682	5.463212641512282	1.624899304150285	-1.7606774716346216	-2.290535786909823	0.8764864337626741	-1.912313758706997	1.4664736715942648	-1.0500855961704525
mbanana	-2.5421800386556606	-6.936885689708172	1.3474129928708136	-4.562320450781439	-0.06678926516035108	2.844287137791914	-2.8828337641916857	2.113135857018957	0.18921503768077466	0.9048079620666676
mbaojin	2.3929761446528177	-2.3158626951648853	5.186698145909376	-0.48342939236457755	-3.70161951482996	-3.1117318577558333	0.6154160061676188	-0.3501817547577513	1.0760168462772943	-0.747969452237359
mberfp	8.111667921025356	2.0806997952979938	0.26086443641652335	5.642537734480997	7.5955860212734265	0.7525246662769615	-2.8686169807164656	1.559159587857012	-0.5751620625679706	-0.20425090758810133
mblueberry2	3.9114196991640937	5.641006452383091	-6.7789103637196995	-3.6340278679047584	-1.6818016097511548	-4.970659341568967	-2.14291704151745	2.7477171765655046	0.43874244997269907	-3.433315802887757
mcardinal	-10.346337760163689	-2.575878713010188	-4.391193003883296	6.8057191281963245	-0.41447447956057437	-3.392086273205307	3.2451608144267046	1.9027393075441814	-1.6506422877201785	0.9096362125502421
mcarmine	-11.423485842878694	-0.4379424127103437	-5.186036472901642	7.652551473796601	-2.2058449081823475	-2.172516593139975	3.787648439459373	1.9138468517536358	-1.0408837698824216	1.8504659201453473
mcerulean	8.803345759287765	5.457694286036941	-2.444615987497259	4.0002959225620085	6.281428725168193	-1.3223882375852114	-4.130182266722772	2.796107290514772	0.3496500519161009	1.449195797167926
mcerulean3	8.51941507018468	5.3605947125527695	-2.574360394487937	3.8379458619271585	6.477114420108875	-2.2914290151529926	-4.917418814423967	4.047690842205234	0.12194991215733732	0.20238324335376986
mchartreuse	5.883044093959109	-1.1100165897975993	6.162432830683868	2.6432234268026926	-0.8107944665233344	-0.7040283267617242	1.229988603478625	-1.8308840628532816	0.6201258754979435	-0.9861500307431703
mcherry	-7.450072632133083	-5.067633956403827	-5.328936854494897	0.6954807707937101	1.5131591330575016	-2.127283266983415	1.8783758676540432	-1.9440502204206271	-0.38106471628164035	0.6311572824766835
mcherry-xl	-4.80746732511169	-8.290848936818877	-0.5890107764285489	-3.154912341947465	2.334209683234192	2.95466399205354	-2.011077573480895	-0.7772170851597371	0.8456370984420255	-1.177645762632112
mcherry2	-8.075864422500874	-5.690448613856457	-4.2394851871546715	2.0426018270082396	1.9864507121086445	-3.701179248837499	1.5043981670637792	-0.9196915038684542	-0.6423100132786451	-0.31652115245292406
mcherry_i202t	-8.824477426031796	-6.167890794642409	-4.564176690097761	2.374018056819181	2.3550781221023636	-2.519565275684582	1.6702417070942306	-0.7230107222777403	-0.9941577694610587	-0.5049244036929008
mcherry_i202y	-8.677388787067095	-5.402173501854427	-5.011317813401601	2.9907196700062437	2.3068082342463265	-2.7428314350576413	1.8355596704886745	-0.03316442147602251	-1.421840832655026	-0.6417480184215147
mcherry_m10l	-8.024946683155502	-6.3609174337207	-4.455827744246118	0.5820822704202352	2.6357813964542367	-3.1454108119479542	0.33400529966485143	-1.139289244841895	-0.013447481727320182	-0.4116818232491846
mcitrine	0.004948505681378724	-3.99012274781186	3.561240270011267	-3.5886716489854424	-3.842445770986223	-1.2595231698088485	-1.501771028568458	3.8357871143077125	-0.6731592168157192	2.7400407970045735
mclover3	2.3966299148630084	-3.0720935936190905	5.393078657954077	-1.5014312068653612	-4.178979656687248	-1.583096528824686	0.5578322275394599	1.295221817685492	-0.3098545669745895	0.40359266625051843
mcrispred	9.551772550098127	0.3520744872549185	4.569723619632026	3.981185372078945	3.472431462041705	3.5249615615965357	-0.3420606897787247	1.3822017147426748	-2.2050899477894417	-0.44189171689406476
mcyrfp1	0.2717522263923739	-8.38281036322137	3.3611990418476707	-2.6238011425736456	1.5465359262724359	8.051777979953489	-0.50911159316011	2.0693935503472907	-3.2912241945585157	-0.19434355459640754
mecfp	8.803345759287765	5.457694286036941	-2.444615987497259	4.0002959225620085	6.281428725168193	-1.3223882375852114	-4.130182266722772	2.796107290514772	0.3496500519161009	1.449195797167926
meffcfp	7.192821937687538	2.4987963100431525	1.700555943362624	4.89767557093933	4.91039811957287	-1.823167279071936	-2.8324272510857407	0.12441391466804726	1.7360068874120511	1.9345064809721026
megfp	6.405766185770742	-0.032005055061459634	4.68507121208688	1.9133115145661497	-1.1965832426421528	-0.08668029983523479	1.6454354294555071	-1.7686463965679944	0.09960969213570682	-1.4048692002312246
melecfp	8.556754226333902	4.733584173545944	-1.3138826957038223	4.593304491822906	6.494686067694014	-1.5739708333369105	-4.199660966364412	2.4023381461879296	0.7660744218261337	1.816432446864124
memerald	6.405766185770742	-0.032005055061459634	4.68507121208688	1.9133115145661497	-1.1965832426421528	-0.08668029983523479	1.6454354294555071	-1.7686463965679944	0.09960969213570682	-1.4048692002312246
meos2	-2.999886278439005	-5.9233375222061335	-0.7676098016247368	-2.1877168617846965	0.3579557893204587	0.7296481738821933	0.44705526722581657	-2.308661333724063	0.6531665296066194	-0.595287562194085
meos31	-3.508715045682595	-6.820233164806553	-0.43307737264188106	-2.2278588925705534	1.163607356490042	1.2241087521871707	-0.3370185485004787	-1.9385970664256704	0.8126765050983404	-1.6224619772481426
meos32	-3.549847477722587	-6.542799608860868	-0.6696574402151563	-2.1887146403853426	0.7122166532883689	0.9123749974013787	0.11839684735739815	-1.9803048670445351	0.5991366506255003	-0.8998917619811705
meos4a	-3.597485762953547	-7.086463894414677	-0.7275666768926284	-3.309913598850647	0.9464106238463407	2.3990466803580914	-0.6039567636420894	-1.7572866629949038	0.7247757767953047	-0.5823588878654056
meos4b	-3.758417482076168	-7.101934566742186	-0.969180824088814	-3.4528607810391767	0.9883555685790165	2.4787621724907662	-0.6445639200241059	-1.8670780291423137	0.8259751928474788	-0.47979871241981464
meosem	-3.264123443702132	-6.89950211455294	0.45715420523833267	-1.261064849713174	0.8993318426850802	0.5320032850495608	0.23928475468861918	-1.4888696439356819	0.11247013341578635	-1.9483254586799486
mgarnet	-11.375400612567985	-3.4341900771441796	-4.764165094252209	6.648931399602603	-0.1974211701796788	-2.732696880292599	3.3909111208658578	1.7500224968841263	-1.6955771592241293	0.7872405438506762
mgarnet2	-10.705234321285912	-2.3863206688548666	-6.347831973409248	5.601641021485443	-0.8157488017386739	-1.615771986958406	4.344759947594708	0.5343527786291437	-1.6745686121606007	2.0900254546728823
mginger1	-10.152620479954725	-7.389671294482013	-5.0444745562546505	1.3686040599045683	2.520218534568604	-0.738500196816455	1.0572147131290452	0.7431429025411969	-1.795227453814262	0.25998147929929266
mginger2	-9.535890955721253	-7.868885805129243	-4.870195207415559	0.042825722087976144	3.085240411038611	-0.37466182198834286	0.07330664857477279	-0.135968290742606	-0.7939046013260649	-0.32933706139314467
mgold	0.2738742211677657	-5.031718308754867	4.5144927242981305	-3.6717250297523303	-3.7725020642072296	0.27386409781596477	-1.08215953718579	3.884407787613355	-1.3996223449424918	2.3666213978020996
mgold2s	-0.3076310297076346	-4.441049425956454	3.71655464833698	-3.7195206961312026	-3.7146416237653574	-1.2015853739576998	-1.7354701644399166	4.0770499503241036	-0.6982474806472779	2.7660386611241568
mgold2t	-0.14133739260969644	-4.315611791183084	3.8514221662742583	-3.587861849124244	-3.841111432991658	-1.371928364386072	-1.5917863881087868	3.9733183342670397	-0.672503945300675	2.66045995326759
mgrape3	-11.000347498795016	-2.469450676720894	-3.345035906871181	8.048108519899689	-1.5142015455132887	-1.6315480174513617	4.08833324308711	2.5216509471107527	-2.138537821265037	1.017423509543157
mgreenlantern	2.1340504807178977	-3.522656062674888	5.835834374796946	-1.5567831735112667	-4.362416308781201	-1.595705251901524	0.6179794537737754	1.281023603461632	-0.3220247153615241	0.1324612456194663
mhoneydew	7.363737705229896	-2.456631355646317	6.996431558526487	1.9725754322764184	0.1331967574838843	3.6021026494381734	0.761603368339195	1.7770137080024322	-2.7356919332777134	0.3578610344892608
micy	7.562344155599621	2.0136885266821993	2.797773472092791	4.931102987945118	4.004021113885854	-1.024569609329446	-1.5360902237926952	-1.060423122316587	1.5210822651482319	1.2800739685357134
mifp	-16.16101324766839	15.459416171222923	8.109937906634222	1.6804565136301781	-2.9885648824175	-0.32754559827501945	-8.585674392079822	-4.0180720505560865	-2.7517768812267667	-1.0244006743746523
minigfp1	11.286738174573399	7.663926611767462	-4.6018141343934165	1.4209037126271715	1.9105030607897813	4.502912266139228	2.3842443487961327	-4.663458128828411	0.4740121131178798	6.036584094095063
minigfp2	11.263741324660888	7.6261614727916545	-4.55219813437601	1.444883905587301	1.9177577887730566	4.497581624060999	2.3828644445624256	-4.690117340518868	0.5005045918843716	6.081631124496111
minisog	9.007204712466665	3.4221759083836374	1.3038088341466145	5.353879329647606	5.729041621665372	-0.9080491611858775	-2.76416264043203	1.1061793503465487	0.4670729467892244	0.1339780450207025
minisog2	8.829105492812673	7.670903714138083	-6.549367629268842	0.9155000306177833	4.220612465478411	-1.1041539423079307	-3.26931009758246	2.8119408820674066	-0.1802408569948681	1.2242694846594508
mirfp	-17.393706971025022	22.08183751000774	3.9693098905678252	0.22336252156179234	-2.7110412295371336	4.790692924565961	-2.603641462318185	-1.0793669026776895	-0.4245365940016265	-2.200437992131276
mirfp2	-14.835532252293218	24.271817780861745	0.6003744515584598	-0.40325881448058903	-3.329322129951112	6.616630558863792	-2.3977730458881426	-1.740974179523637	-1.5469213657220109	-1.9001116558055122
mirfp670	-15.455564040116313	8.143576748424165	0.3472911557821268	10.575232992322317	-7.159196530225546	1.915573203742847	-3.227923061192242	2.941866618352392	4.421551480515107	-0.20282700500125392
mirfp670-2	-12.612583735013636	13.989170559425354	-4.850134131977042	7.2430828123791064	-8.81269385699581	5.85864263376255	-1.155936014517503	1.157421371097599	3.0359263345013514	0.29708061334105523
mirfp670nano	-18.56555962144487	14.220997067512098	5.253842609530318	7.135520900584028	-5.371186595376964	2.328045737929937	-5.771999581236521	0.2589938843240365	0.9115587317392372	-0.5277571636699807
mirfp670nano3	-16.38113351747767	9.566714033948745	1.4103638101731912	10.087948474829249	-6.984542077744735	2.1863784190582956	-3.8170052501294394	2.4216510078807025	3.465823594347279	-0.29678763615065057
mirfp680	-14.030111690474723	18.067426912649168	0.9785916939015774	1.9322851182542151	-6.211457455362294	4.652252687039783	-4.245571431880016	-2.630136808160587	0.6190013951836972	0.030888732191664277
mirfp703	-19.266243884713358	17.255908837963766	7.764847940475189	5.004362284781607	-4.4944539846897955	1.7660419955405002	-7.824002869784218	-2.3124916453004363	-1.2889199734841676	-1.1328107184586242
mirfp709	-19.14412689799955	18.013248710893865	9.194076893143237	2.385909752593187	-2.7850773364003167	1.030234615331531	-8.636166816334768	-3.911356502728199	-3.275285879625673	-1.1350901654000454
mirfp713	-16.69740137526317	23.796761632322173	8.513097407310015	-7.204407881134624	3.7810872084249985	0.9440069371009414	0.7975876981410885	-1.7570381137444322	-2.0258561816313594	-1.1976042101918025
mirfp720	-22.363375468761006	26.759509890673716	20.31668676944531	-14.709058477600584	16.077956626664708	-6.539230216892969	8.54863740008947	0.9729150134394712	-2.563587011665609	3.1254761498104675
mjuniper	8.217292986215822	4.880751131173159	-1.8834918022926999	4.176341250374578	6.413481916004873	-1.9875627695011189	-4.573299199656229	2.9602824084006008	0.7507242891552649	1.7867383257162919
mk-go	-2.1598576653583064	-7.108833781830538	1.7790346266063202	-3.523312980657327	0.4575703548645581	2.8660525855993986	-2.0889210647901213	0.3416929275950098	0.798507559286867	-0.8686446072036725
mkalama1	4.59062746482527	8.342124908789664	-10.950043840417878	-6.932873693252377	-5.142737285812015	-2.041775489209624	1.4556612009367071	-1.259578384595873	0.6430426921625709	-0.2730068352967748
mkate	-8.268619398326608	-6.356682833008201	-4.045670743172678	2.064890672683401	2.3548307041047143	-2.1720229300961233	1.5663039102988134	-0.8212028797232791	-1.009124452181638	-0.4450850661520301
mkate-s158a	-8.258242071189846	-5.0189331981212915	-4.7869429967840915	2.5687801302388937	1.4550604999266978	-2.8660856758595568	2.3319605043197904	-0.9131130296585891	-1.014944861511205	0.4014003296952444
mkate-s158c	-8.607186480775745	-6.1639885663081975	-4.071423556288144	2.4559588915049706	1.9834328038294822	-2.270799078733343	1.8925489402697242	-0.623245675365766	-1.1692416626027897	-0.44761661732810787
mkate2	-7.964726966820019	-4.406230180101541	-4.683056007423602	2.8582947101615317	1.1396815444738313	-3.531799458676241	2.3446057514305925	-0.7322175078155534	-0.9050066140396409	0.5592472522234783
mkeima	2.2583318898240776	1.8838619719431693	-6.013693025402682	4.782946858976402	4.601252599706001	1.0702222368543517	1.9740742086695824	1.236258152600277	-3.749099259946934	0.2156576929845251
mkelly1	-10.247734188136894	-3.955590227161161	-5.036632840935795	5.298461286781105	0.6844310020422817	-4.16200612439658	2.915201348471493	0.8716266521339762	-1.4550953176461312	0.7862189992965649
mkelly2	-10.594593585159888	-5.801137575749518	-5.346554000906314	3.630949339909471	1.8289491463028995	-2.4162228747515844	2.209172390218255	0.5421700893947705	-1.6441650615440089	0.2937209860789721
mkikgr	-2.6678190672812643	-4.212316834320401	-3.4024428632639885	-2.245536413990297	-0.6697739495120412	2.1463451665041275	3.200141782201931	-3.875204971002057	-0.3840206348734176	2.406220868765314
mkillerorange	3.1794511646070527	-6.083943361589879	4.813667528783159	-2.819317325024203	-0.821047080160387	7.380747617270235	0.1879345086209372	2.8422716721178314	-3.6998452611065984	0.9538224245549615
mko	-3.4969680714241433	-6.430786338676183	-0.031119593015465453	-4.435316237229224	0.41415249282505123	1.293240713926545	-3.330697895458528	1.1227728675529105	1.5940712821156622	0.6729774709444178
mko2	-3.8462292594378886	-6.5771110520417935	-0.5379287791516956	-4.542968080994005	0.7343063300270162	1.4750856413905937	-3.3715096133525733	0.7026222797995929	1.8554827815570378	0.6771751832561846
mkokappa	-3.875735699026207	-6.614160015720777	-0.18173783047951078	-4.266129426192763	0.7249433697250103	0.9101149040399126	-3.4738399007956393	0.8265084933480569	1.9401452128522247	0.11920986022056593
mlemon	-0.02758371453972359	-4.370190892906711	3.91703219864225	-3.56097518109588	-3.7833904158557865	-1.0859759137913492	-1.4995421755543148	3.890962364013133	-0.7582863640567475	2.653006961062976
mlumin	-8.01764958941716	-4.9944026529201455	-4.119797356666197	2.5475039283584904	1.6514758017195135	-3.956744347359126	1.4817769593776826	-0.781722900739585	-0.39438469828604567	-0.21873124478633454
mlychee	-5.8293742022372514	-6.260825708883871	-2.6035966435496456	-1.7886819986519322	2.198512591494142	-1.7640858088916824	-1.7264225973400351	-1.7150589139142518	2.0879226799057733	-1.0204381846951975
mmaple	-1.8551114359757508	-4.7258510913161995	-2.5171722607887212	-2.1790903602719895	1.3229797658883693	3.482997368954169	1.4308821735888775	-5.706811623220557	1.7295676335950763	1.760394704542307
mmaple2	-2.6780491926796874	-6.2694058986662915	0.11494698613379972	-0.2562081993556899	2.4115398214883146	0.6896147136040889	-0.10619771864798166	-3.0406284676967053	1.2156677648513188	-2.557450248125932
mmaple3	-2.558757050059416	-5.986456022750105	0.20953120097164288	-0.22675343607760715	2.103787549642437	0.1237739500432903	-0.07589450811139783	-3.1210539002469977	1.4487401663729038	-2.5666981443791226
mmaroon1	-10.472204726906796	-0.7621927342855679	-4.942376680077474	6.928794101393607	-2.1554381771631763	-2.7342810096396084	3.7086304462895803	2.2368801027479446	-1.260010265678417	1.7044781784748808
mmicy	7.641339355202818	2.218734677669967	2.517054419425479	4.906295939848514	4.125329553071708	-1.0523460044103627	-1.64201414744971	-0.9470088976435398	1.5033162083903995	1.2868795120483254
mneongreen	2.350284043198428	-3.133603191064104	5.603495772089647	-1.3383126656098354	-4.188547317382645	-1.8270479202351007	0.5779027667773646	1.1500407916176025	-0.164748586300636	0.20135730282522862
mneptune	-10.725741006892775	-4.168860258785525	-4.607463705975901	5.963679912615185	0.318969022574174	-2.6989617176573413	3.4507736815171177	1.2580189490976335	-1.984042623355818	0.5597042876096217
mneptune25	-10.115140383228136	-2.7520229127979268	-5.320599112925294	5.759389703083826	-0.41343585270884914	-2.334706785430531	3.7487093607179496	1.0514618144669599	-1.8068974851717867	1.4760448410616036
mneptune681	-12.826139988990684	-2.54469299043467	-4.418323741096228	8.395046525441845	-1.1344805096261186	-0.970559016917654	3.6928928510987546	2.394908811560715	-1.650483698150315	0.5501100727718661
monomeric-hyperfolder-yfp	-0.428557355979847	-5.028894614168272	3.8356541727811906	-4.063812498918755	-3.606746318890339	-0.19113818845950997	-1.6916545817561073	4.2590151138540335	-1.1190383762151899	2.7241470268673176
montipora-sp-20-9115	-0.42784237790571816	-3.5136330948165777	-4.95816051804519	3.0954479995991546	6.512262244253087	4.564814914945472	1.7653690606953443	-0.6074491003629193	-3.834403453963761	-1.8475321777625409
morange	-3.587099082020942	-6.560301214552076	-0.16118599243207296	-4.397537105761492	0.6441252961403461	1.5514828654611208	-3.2890375186362015	0.8786599051954734	1.6337975798425541	0.5909105879068574
morange2	-3.7315053369498625	-6.754355636232571	-0.26074146875967374	-4.450429271980049	0.7903495277094805	1.7867524100026688	-3.2861230235106818	0.8193507186262631	1.58992826403827	0.522348449966745
moxcerulean3	8.435183070404635	5.34121680331777	-2.5793322059168924	3.836446378201132	6.460881206452348	-2.313163550327098	-4.913951833858298	3.9372910311587614	0.2187854579758836	0.3746978878928843
moxdendra2	1.7272012346325083	-5.807118233675126	-0.12578048577197207	-2.0979084598233757	4.220267857142662	9.006111178819335	-1.1009180269313268	-0.42099289735380385	-1.4040932290224264	-0.6321232342681299
moxgfp	5.3914929006951136	-1.29322480303174	6.267963765978973	2.5431836318158068	-1.1110017874505898	-1.262476840150776	1.2618818888268772	-2.153541047966613	0.9919159621832917	-1.1890911448987185
moxmaple3	-2.558757050059416	-5.986456022750105	0.20953120097164288	-0.22675343607760715	2.103787549642437	0.1237739500432903	-0.07589450811139783	-3.1210539002469977	1.4487401663729038	-2.5666981443791226
mpapaya	-1.452101573731887	-6.076678306070963	2.462013010882949	-4.171485774029158	-1.149945742898437	1.917548276596661	-2.5414828418184867	3.048411472883855	-0.49757069041432533	1.627830857009312
mplum	-9.307193680445705	-5.6682466450069695	-4.6742587552700146	3.21971734930936	1.7917186818403334	-3.024529297056182	2.2168416051631223	-0.239019517612215	-1.3130328407119076	-0.09873404928645176
mraspberry	-9.232963565681988	-4.57432713105072	-4.594124360462907	4.263503552525607	0.8886239557770776	-4.352195085689297	2.8241721903641297	0.5049629307918506	-1.663867099225219	0.5892485462955027
mrfp1	-7.774232533723295	-6.32008893742967	-4.029059193209643	0.5546642033212923	2.2775202290310435	-2.875244061870619	0.4635423010959417	-1.1201950424738578	-0.01444791096729602	-0.6055946372235714
mrfp12	-8.288486450489794	-5.542868124955862	-4.313181847326229	2.160848726821637	1.7618225106159822	-3.808628729519002	1.5301071260207495	-0.5977724768592951	-0.7105644245957321	-0.14687897164040672
mrhubarb713	-17.51772672639855	19.943309056374474	13.506120861236594	-5.962546109977857	4.595308145491933	-2.8669902676289687	-2.394188325885337	-2.1137487433097366	-2.4180002319232123	0.4570281458292236
mrhubarb719	-19.471505482871205	23.442037495602708	17.560379701274258	-11.923253427942484	11.734037611320877	-5.202518131933391	4.3536662189087565	-0.037995858758312344	-1.8064753779855083	1.829518087672002
mrhubarb720	-19.416976798969095	23.51851901861845	17.911904557790564	-12.890901476858376	13.039465531427417	-5.660572160318033	6.132122200553935	0.7679658256809075	-1.1861562085752637	1.9563312441499896
mrojoa	-10.444451332597794	-4.000772756408984	-6.513717624723325	4.850010788086378	0.5050278820649337	-1.4871904291781202	4.149307921449986	1.1278443373388984	-2.9742784087260254	0.27754532041413976
mrojob	-10.65588810879742	-4.067965057270649	-6.93070351028838	4.7290019376582455	0.5700088975166252	-0.7771897256724641	4.432435271025367	0.7004669398610575	-2.9321895653475676	0.6257402872989842
mrouge	-11.438587082656694	-3.1011109225088105	-6.86766492758962	6.378374870809811	-0.15798162851581693	-1.1932492797153238	4.833129659601169	1.758640648510217	-3.135986429881156	0.7207693477970477
mruby	-5.469925366551434	-6.38958763938404	-2.554211285870605	-3.001843276787254	2.0600632845186713	-0.1417743967386293	-2.556625128364304	-1.135027167481796	2.3554602024079747	-0.5229662258927726
mruby2	-5.1596973598974545	-6.191414337640827	-2.7192628228964213	-3.4870482656252295	1.7279595806227674	0.3362478039997123	-2.412233642872147	-1.2495756334642032	2.309891703746317	-0.1526793402085798
mruby3	-5.246599647203763	-6.402040044456675	-1.879092997243054	-2.9212551103135924	1.9031846945581625	-0.4765046188232836	-2.8716141826457324	-0.8340090501361787	2.540578294047571	-0.6655632648934644
mrubyft	-4.01816950926384	-2.0616816430756457	-7.952955615353141	-0.1752981958871916	2.8079795781689785	-0.5409359503238271	0.5721023938887665	1.017193002826269	-2.2585687778893306	-2.851857003591918
mscarlet	-5.487871015297507	-6.400243136974117	-2.3296501645423655	-1.867861198990633	2.2263179725702336	-1.000620012572509	-1.691690958134402	-1.4354796115707258	1.7230032362980119	-1.123625994165144
mscarlet-220a	-5.704387272489556	-6.434905912050094	-2.90467004322944	-2.5986079042089942	2.1397435711629904	-0.5614409856230793	-1.8050527406112589	-1.7812791918889657	2.023895876549165	-0.46476751115017567
mscarlet-2a	-5.662719105070371	-6.436150980993889	-2.8458521864474635	-2.6641850994573746	2.119927008196869	-0.5398996081513595	-1.8842097284206394	-1.744687204173989	2.073063717391632	-0.45498108299834467
mscarlet-2a-84w	-5.729978867165193	-6.507124819246696	-2.9150743486680604	-2.6650782672463955	2.155944843834258	-0.4362293853866467	-1.811934117281016	-1.7677588385492393	1.9884557717732938	-0.45197281272145956
mscarlet-h	-4.477743597213435	-8.288371776869848	-0.6185999068125844	-4.0310350916558235	2.166036137776631	3.4306772010353694	-2.79994007903804	0.5869542809677275	0.5526726494487276	-0.6698217962712393
mscarlet-i	-5.618849958156702	-6.327910051864756	-2.481511229342826	-1.974072878973283	2.208118217038884	-1.213607513720077	-1.8408030842286531	-1.4064114238447816	1.8737234466168398	-1.0584604622373566
mscarlet-i-220a	-5.774403996540879	-6.46670952857524	-2.976101191560929	-2.585309156664478	2.160706873046086	-0.5275728325255536	-1.7570845545944715	-1.7900740889383502	1.9760361963345523	-0.4470622293677699
mscarlet-i3	-5.618680434659373	-6.386151968348336	-2.8921170016696514	-2.629730123885855	2.1068486125440713	-0.36920103130043186	-1.805133251057139	-1.7270893902500806	1.9915224774940128	-0.46164163461767627
mscarlet-i3-ncwt	-5.652787485192894	-6.4933383890942284	-2.8357736266002025	-2.78234413241042	2.1019264065737575	-0.35745840162306874	-1.9297230141961894	-1.6838518576378971	2.05420282434817	-0.39458716784203285
mscarlet3	-5.678121454968311	-6.397698351464933	-2.8411309359863615	-2.519397214659176	2.0771562249955573	-0.6128262704086939	-1.7264156417757754	-1.7857145875699059	1.9999861778997032	-0.6463988898407848
mscarlet3-h	-4.443321997101074	-8.824952680044918	-0.06619781191012725	-4.313907062385584	1.9357015467571173	4.0648455894972795	-2.5886734746304274	0.3303065333876434	0.47130609349356395	-0.869824334920911
mscarlet3-s2	-4.332526401028661	-8.60805744444928	-0.03207245445196429	-4.531496265563317	1.6714668164260296	3.925146307137197	-2.862330723412189	1.0500735366848883	0.29237583682252705	-0.38192010386212666
mstable	-7.872667984480669	-2.2877028561044903	-6.7042112108278875	4.132568420639641	0.39918137218157496	-0.8081323159211854	4.271300121706723	-0.7728183752922642	-1.9674162050153132	2.179253453130536
mstaygold	2.4150524768687527	-2.4542956836447085	5.274148757216028	-0.604087646548103	-3.748707185502541	-2.875174358465063	0.5771202826058096	-0.02704397459145079	0.8389946104115006	-0.5083201837998014
mstaygold2	2.5572270355107563	-2.283868948188863	5.244099490785569	-0.3520784591932001	-3.562118687827185	-2.954043726142031	0.6312146777943809	-0.3721783958105615	1.026610179788011	-0.6988224018996058
mstrawberry	-6.476610105784562	-6.606336784901088	-4.12039963393133	-2.103438135744881	2.3129232445861576	0.0348655653054679	-0.46227383289458346	-2.3217844983469926	1.056863100990209	-0.17368873277676078
mtagbfp2	4.582771733934415	6.859381379231814	-8.414786452762142	-4.521710794967639	-2.303740712969684	-4.075093061233289	-1.35500740809317	2.202628697754246	0.09100825712429846	-3.2298690437108517
mtangerine	-5.788135219077869	-6.6890328284055345	-3.357847498732834	-2.9673169459847695	2.23353221902388	0.5110839701465464	-1.4624023819844116	-2.122830041605049	1.7626825473266368	-0.17670241728315791
mtfp1	7.531891240190932	3.0149307943524306	1.0076058853739784	4.757846017041594	5.149117728442195	-1.6742851152944505	-3.012044429231949	0.5419224137783005	1.4833776481309355	1.8722667042388332
mturquoise	8.339745587033091	5.479953366845919	-2.887019411209782	3.5941289518720128	6.202684313983281	-2.033410028890017	-4.6208690514691675	3.4317433755280207	0.44315714672988277	1.2673935563020922
mturquoise2	8.345599806724884	5.288519019666372	-2.5311306831197737	3.7792747684093237	6.2021826976313	-1.9022701428078927	-4.472281981702585	3.0598714592879035	0.5822749525276286	1.5848505761581702
mturquoise2-1710	9.242911102904573	-0.8191420816656559	4.756942712625101	1.8574209697529218	1.8169173402711722	5.3672516684271505	0.1689849300357896	3.3069663439944246	-4.233435294824345	-0.790745341946539
mturquoise2_t203y	8.31823028449799	2.2303490591311315	2.815339321501024	4.725575207690998	3.583028419205617	-0.07159419877694533	-0.7669718526832872	-1.2749853847036414	0.9323817653364781	0.9510397548346061
mugfp	5.839771390370948	-0.896068367891984	6.019823685736006	2.893528025825092	-0.5998900684110456	-1.1580413056935246	1.119641229512781	-2.122986413795356	0.9786813359959099	-1.2534980647579
mukg	5.9232809534218696	-0.315559298589205	5.327642154159071	3.4253802663742356	0.42105244518158846	-1.3669039909034466	0.5494009331059426	-2.371682554458042	1.4747731629965988	-0.5615563111374158
mvenus	0.05696969764970315	-4.024482069485068	3.589754524218605	-3.592049334029509	-3.8398856253620575	-1.3118337570715115	-1.4861881704338833	3.8404646212796276	-0.6681457289693574	2.689253596040119
mwasabi	3.413971656990236	-1.7311426937450491	5.477837404508853	0.8701859771293581	-2.6800939291598262	-2.8261828077920543	0.9729687958509275	-1.7525585782180684	1.547416425870515	-1.26514665745445
mwatermelon	2.2409607618971967	-2.7235368436588834	5.482760009105873	-0.8913388802273375	-4.11703332629464	-2.8525198218644667	0.607478545581426	0.3432712109845368	0.6130875959617398	-0.34061539403349717
neptune	-9.995298265363903	-3.8925613460435526	-4.442142303477993	5.5665484240443766	0.23638478370439914	-3.6285577913717115	3.2427006568357863	1.0939965662966182	-1.728490043897137	0.7116208368332135
nirfast-hpar-35dom	-19.236987326411935	10.428653068015137	-0.28021357862778234	11.093029058235558	-6.2519328047597345	6.943112349980671	-3.3137404749200243	1.1261621758004219	0.7063743179137318	-0.7095514154216244
nowgfp	4.011067593113824	-1.1015031564803415	5.042305838076133	1.685446831003038	-1.4562403416313412	-2.658580276762289	0.5435870064644961	-1.9486639601630977	1.7909438434943195	-0.8810115369384797
nu	-0.2351987697195079	-4.30762355699984	3.603438341721664	-3.973599736062429	-3.4857223773109847	0.4420361350152407	-1.3694648546987165	3.919896641589724	-1.4640865422255829	2.8355114535587553
o-geco1	-0.6092182420963032	-4.218147989600332	-3.4224263371411414	-4.154980365962211	2.4546006249571812	5.775416484716609	-1.8826652459091417	-0.09061000358598767	-0.04723319070931544	1.6041082103511584
oxbfp	3.8657150344197913	7.683611320365898	-10.28462866081247	-7.032321310421964	-5.745867198603196	-2.1071921991580083	1.85310758620056	-2.207955241763297	1.2424569498570697	0.7359708611953127
oxgfp	5.3914929006951136	-1.29322480303174	6.267963765978973	2.5431836318158068	-1.1110017874505898	-1.262476840150776	1.2618818888268772	-2.153541047966613	0.9919159621832917	-1.1890911448987185
p4	3.688802513996015	7.822354116154013	-10.682739401107849	-7.523674770189972	-6.470163851497923	-1.229253803706823	2.781508741744152	-3.8905603071795642	1.8797412701873908	3.2475329667592208
p4-3e	3.650294532240392	7.706982715723668	-10.501950320893176	-7.371507688812709	-6.3881163586887935	-1.057020966991737	2.846736575480521	-4.206750878361939	2.0803449851106284	3.967268459204005
pa-gfp	6.377370189682326	5.1257767131345515	-5.2332683446763335	-4.103493364182093	-3.231575898900453	0.10777388685812199	1.035056620392334	1.3104020551188984	-1.5920226960124326	-1.3523667404181294
padron09	3.6757695471221163	-1.8702894074803962	4.242015952032661	-1.896155479498448	-4.355713555252484	-0.6180323682291692	1.176485356151809	1.3982132646605703	-1.1460546014550732	-0.3477900825843787
pamcherry1	-1.1993921426076493	-1.8212934867240238	-4.7623038261693305	-3.407060606999095	0.5491660557410291	-0.23312596702079663	-1.2174778029423634	0.9110620355603901	-0.34052133639518756	-2.4158285067604197
pamkate	-1.6995130259453788	-0.6725217774940572	-4.065949397755668	1.1988112670542352	1.3780379387781534	-2.216692735889132	0.34535835614044696	-0.4405844087533099	0.06107260279561746	0.4974465968817437
patagrfp	-6.4410826652571815	-9.01991380750971	-2.0815317270996125	-2.914624500535778	3.0118083893180168	2.7469312950875318	-1.6052361160530912	-0.6680052820402754	0.1964512070324045	-1.2828998137066898
pcstar	-2.5369516427373004	-6.355286762616647	0.8288517267421863	-1.6356305755048146	0.6238932916589718	0.3253610000220555	-0.3541066364959789	-1.1739191732770071	0.5376826124631486	-1.6266064922171266
pfast-hbr-25-dm	3.942462500507464	-2.0810050327879948	7.173946758781792	-1.6136469832423475	-0.3022961001582322	4.130994878007618	4.446668339243615	3.3266244327675194	0.8510655541381437	0.3733384585142974
pfast-hbr-35-dom	-0.9971701960772681	-8.922661438778073	2.843164225527677	-3.751760796799524	1.0661490559242062	7.4737688991249245	-1.146317354219108	2.5789437377328204	-2.933041901612797	-0.3775429138115663
pfast-hmbr	7.123246134399149	-1.1428504311601948	6.40272870631338	3.116325112187783	0.3719194261767674	1.0047707195919797	0.855652377005792	-0.5039780437284528	-0.6332475287850132	-0.5612908909918036
philov21	13.213386718770833	10.477648673430032	-8.209139847010197	0.0011589136198657522	1.569306838701221	6.0463602119186595	3.223052608773464	-4.399742648613023	-0.8043077667064141	5.362805397605743
philov3	2.1225205763919908	1.6885004975707487	-0.7761338587839733	-0.8138284803044622	-1.0062095231841135	-4.300535414753992	-1.1925783583596097	-0.8993449378826401	3.4498432403050097	2.6937060550442946
phiyfp	-1.390603601186068	-5.085458972252732	2.502709231195819	-4.2899545867585935	-2.372660292651797	-0.1303586286143086	-2.7115788665658207	4.082780842384935	-0.4516486070484153	2.8655366166267675
phmscarlet	-1.7775990975127147	-5.338997697712851	0.16990875539346972	-3.055991725290723	0.4646696170680412	1.9509989797480574	-1.3231187878772892	-0.004998261137609411	0.6428598831310617	0.8221990386464396
phred	2.0084520626795395	-1.5670684155179062	-1.1304604541049084	2.856252846571951	5.02912079196444	-0.3853763196520492	-1.611821520846925	0.7926941027840456	-0.5861263797494285	-0.595900861849635
phuji	-6.444805484120151	-7.6394372968342825	-2.7353666286677467	-2.4164543573366033	2.7663078869066955	0.008383016835421746	-1.7232110034822852	-1.5923924506046512	1.4517867189768023	-1.3620889210892424
plobrfp	-9.070623075458753	1.0684211809390838	-5.932986238212596	6.872925013418797	-1.6143086225451302	2.4068631035984267	4.234555634616972	2.258383032881168	-3.59827993809259	0.9794301270923397
pplugfp2	5.446269164754841	-0.2602225340268156	4.7568695296546135	2.744684248515112	-0.0031024257816214015	-1.7159435326368082	0.3463496416063115	-1.87053230890264	1.4041767153097415	-0.5308159562078439
pross-egfp	5.937451295178742	-1.0911027416936205	6.023397200207471	2.375578885196644	-1.0120496170630973	-0.43877880796837926	1.3536661587516758	-1.7087928569073647	0.40411673284583793	-0.9127986540013752
ps-cfp2	7.82630038015313	3.0411993631148344	-0.06063327411058548	-1.5353173770137076	-3.5267688633927596	1.1020391922932746	3.121256756447985	-1.054901840381747	-1.7220860231306487	-3.3843881884133507
psmorange	-7.9304252196978595	0.5274291015198018	-0.8644990060473142	3.776743961985248	-2.9083318777651854	2.3157384923778705	-1.4965632680999437	1.8728472677932766	2.356504329149155	0.2082982555206237
r-geco1	-4.935539411018131	-5.9601661941650494	-3.879273295592672	-2.1944724701967706	2.5747127279673907	1.3413031296374478	-0.7026369270191831	-1.93772894966878	0.7787273915881849	-0.09772349558456865
r-geco12	-4.490144476356019	-6.495352913990064	-3.2298536427239464	-2.756779432226836	2.8100126833466077	2.39652307918652	-1.3263004490634773	-1.4132823943547372	0.6947041270762722	-0.2485006352901485
rcamp	3.565221734204922	-2.5477410574722743	6.237921149030915	0.22377249277351396	-3.3319030921948554	-1.7385360607549631	1.187350194402929	-0.47528135443550606	0.34582773697629277	-0.8906433046362268
rdsmcherry1	-10.169774201731444	-5.252312300630758	-4.895375705652286	4.643729765347612	1.1941104439632206	-3.057555410595187	3.2152851186760145	0.669030412720763	-2.207380431959365	0.381467551883577
reach1	4.136279087523086	-4.512090968401859	7.998631705182086	-0.3606690731687976	-3.376949863528894	1.9221240915764168	1.5951571644967528	1.0844580506393107	-1.8901407709684124	0.5174133904721616
reach2	2.2941541454019894	-5.443742950197095	6.86441395183308	-2.3778656018758695	-3.8994742208601365	2.0992982770632374	0.5284331025640354	2.9602677274066793	-2.3977514777466	1.4298375328878956
rex-geco1	-0.505791081298983	-4.845016225869946	-0.4030515894369578	0.6106001322056424	2.4120112794039033	4.404635473476008	1.0279237234726502	-0.44474272976842505	-1.9388740244423466	0.0939618685950976
rscherryrev	-5.753717484182093	-4.797536402398504	-4.827773415948563	-0.9530371176078769	2.425490859186652	-0.15231167917843413	-0.1709503973621755	-1.639160222378982	0.2111635601358854	-0.9017372550969474
rscherryrev14	-3.795800123589931	-3.6415338494622005	-6.295592945499298	-0.8973134974588802	3.3544678904018914	1.096149072254971	0.17773254829934243	-1.259533354486639	-0.6451721051924036	-1.5591296719824586
rsegfp	5.8951394602467495	-0.5462855579737488	4.754355498962229	1.1521116375983758	-1.9078076542306954	-0.13471706944359715	1.7364403567643956	-1.436031512859614	-0.04421848834680824	-1.0873911705402572
rsegfp2	6.554994688714746	0.1752374853794193	4.677212969259616	3.278547947349286	0.6111998485278829	-0.6595849415523466	0.7299709106631915	-2.1018951126199434	0.9062119478845533	-0.8608989650335648
rsfastlime	6.5300200129229005	0.24671114348960652	3.5970206080675844	0.001518971594717161	-2.8691804185159606	0.8751014714085199	2.4931971076706505	-1.245725392823365	-0.8722775344009671	-1.1174080988093933
rsfolder	7.635222880908475	4.380006890656771	-1.775765782391504	1.270202919135764	1.6648975133918418	-0.9784812809764574	-0.9171458812450675	0.37316441163739267	0.10111838829036601	-0.9569260936356129
rsfolder2	7.118704751754242	4.308904021018915	-2.0685039121624156	0.8020041190050307	1.3021922911020363	-1.4828887295382682	-1.0899216659230526	0.6755883936543184	0.14551972240268163	-1.4185083258310898
rsfusionred1	-7.1889580050907185	-6.6251117773799875	-3.6839786178155345	-0.26445448248900033	2.6287336217238506	-2.2529682782971867	-0.1871387419458921	-1.6631605104708702	0.6139761942606018	-1.0012885489802636
rsfusionred2	-8.054490211660832	-7.252887748638111	-4.16621317471715	1.00983466634246	3.083912523831484	-0.9182080191712927	1.0185748737518343	-0.9173403415931606	-1.1017644325813658	-1.0087409573436537
rsfusionred3	-7.665423334287995	-6.769543083537671	-3.9917912709986485	1.5507102024852866	2.8594981572625544	-1.7727296823396708	1.4248457312809486	-0.9096504324296609	-1.3357736675061023	-0.7711614838369432
rtms5	-7.494578039393573	-5.879114544430676	-4.100639210712708	1.2238758465889972	2.229225436148983	-3.6300856403100137	0.953160563394347	-1.0243223226127092	-0.4191764990290006	-0.5051691588658346
sandercyanin	-11.922174769578977	14.412349657122794	-13.6810585914771	5.51736852580455	-8.3096362850714	13.102034402748556	4.545415740015406	-1.456856123456092	-1.4212672529131232	1.7761751608739413
sapphire	5.60642043553934	8.39256998114043	-10.402576793588524	-5.776556189120626	-3.522969427442042	-2.0395824045899147	0.420519564193128	0.5169741766777312	-0.22300325200023816	-1.7021479138870974
scfp3a	8.344544625528124	5.403743554465307	-2.747121034425099	3.6939879836132428	6.266189825613229	-2.041584717443805	-4.646822477160506	3.4091636638249296	0.4604081345019505	1.2892373033479505
secbfp2	4.40813941274308	6.820931840041229	-8.457157869567132	-4.7634467886401595	-2.707692568540057	-3.989421195421305	-1.0436959888448165	1.764710861004428	0.2330729310938	-2.9855216490435326
sforange	-3.5908622117135818	-6.62132800403904	-0.08376244992439295	-4.41384775346621	0.7018574836718189	1.6161325749601014	-3.3993519770033687	1.06214592280079	1.543302821712228	0.40872985793731775
shadowg	5.554665415046459	-1.0981758676023032	6.052515134577078	2.888425622936826	-0.4444049733089021	-1.1548167692241864	0.8993320958659137	-2.0613896048206835	1.092917615703281	-0.748505874733646
shadowy	-0.688764962619128	-4.855004706675852	3.3357800042320735	-3.956256631607024	-3.081589305813693	-0.411961942130446	-2.0963000242962635	4.094551852253208	-0.7360204536305006	2.809540349520498
shardonnay	0.7879680793560554	-3.669989393991712	4.1997013823275955	-3.089386725911653	-4.298757493482612	-1.6329249574103244	-0.7632934966748404	3.243808912245962	-0.6564213162787894	1.9419884311805053
shbfp	5.943811158023675	8.218731883924942	-9.787025105029741	-4.4220433802190175	-1.5237701351388329	-3.1217326654191186	-1.3891446519767294	2.632469823738906	-0.556478572331929	-3.1370987727959982
shbfp-n158sl173i	7.2896732898505014	8.82920889534584	-11.197206257633416	-4.853121206652282	-1.74265244453546	2.37728229055988	1.616232593940717	-1.7295361453295819	-0.3398130661392796	3.965452170169115
shcp-e63ly64h	5.484813803499357	6.906357487141221	-7.931917581849961	-3.375664475315299	-0.7096988924464581	-3.9143034077672474	-2.2574590587877537	3.477404913999692	-0.4749937673868739	-3.9233978487654917
sirius	2.203442132025473	5.931736888716328	-8.580778948537844	-6.765451477353623	-6.609176375804037	-0.5395886963150992	3.3905933023215367	-6.952843857027421	4.159114775091342	9.81448142054548
siriusgfp	4.35952805521374	-0.5508505492808897	2.726241332979822	-2.188151467213475	-4.4013160540751475	-0.4231038821586222	1.6020265534197757	0.7800091966348864	-1.1220831881151854	-0.8788041085831351
skylan-ns	6.525425455715584	1.717427571863145	0.8884688903237757	-1.4707372061345776	-3.871391020629654	2.2073780893084534	3.3828801263249058	-1.7737236926986553	-1.266766004466723	-0.2596731851916463
skylan-s	3.6331949968059583	-2.6091236114466128	6.272204781710205	0.14785855852434088	-3.3631426235764312	-1.4865191034075182	1.2212186595007748	-0.34076966521958396	0.18535989238980194	-0.6750180895998055
smurfp	-14.776300271292392	7.102280053557395	-0.03193564608997304	10.186239549615479	-6.8163516094650225	1.5494603792051471	-2.6092885905856633	3.173534968346006	4.69332192653902	-0.12656570551751173
snifp	-21.023681302898577	26.36409856630885	20.295543511163512	-16.79635639561811	18.666844849342404	-2.1735390288846865	16.6358276531463	8.306399206041542	11.153144678870536	-1.4930880936534543
sopp	10.235659333700355	7.881840976354833	-5.784751985932501	1.527561879871974	3.5347847584417127	2.449312583837303	-0.24137360396214172	-2.0698882333132884	0.8210301632616445	6.279392540438974
sopp3	-5.618849958156702	-6.327910051864756	-2.481511229342826	-1.974072878973283	2.208118217038884	-1.213607513720077	-1.8408030842286531	-1.4064114238447816	1.8737234466168398	-1.0584604622373566
spoon	4.654009214220661	2.609629413900808	-3.060095366321937	-3.972972354734382	-3.261202287870352	1.0728607751340866	0.865912607738048	0.22259513180039908	-0.42845777568148635	4.212260007944063
staygold	2.5684028799947485	-1.8002634655096894	4.895835081397631	0.22517957827054066	-2.9888336228611547	-3.5413939965553154	0.4879160915728609	-1.2356472377719674	1.7826674395747857	-0.9734055000343221
staygold-e138d	2.16317536789689	-1.9358763665854244	4.712512847299471	-0.19326171596176642	-3.2949662381763343	-3.775005998148281	0.3530695033730823	-0.9108281678051828	1.7606787317340595	-0.8756237793778049
stayrose	-2.9809598669979573	-8.059694394025207	0.6450791871038549	-5.582971214670159	0.14966556069886483	5.099482898637381	-2.399952031954608	2.247710434672612	-0.9498647968828329	0.2597939383554651
sumire	1.1961189214198003	4.090864689747078	-6.146724331772033	-5.358238471735961	-5.576988029150085	-1.5685566670676483	2.331019197357999	-6.514056593001636	4.931914160814088	10.67303847969798
super-tagrfp	-4.830831148172975	-6.424935132866449	-1.5081871280100088	-3.4688779218336565	1.6938107742471997	-0.21359864712256046	-3.263543817925757	-0.5006488623426408	2.6284742479121137	-0.4850821190672027
superfolder-gfp	6.753372594393733	-0.34467913882370327	5.278085782734539	2.4360818276034797	-0.5587438138997467	0.20962997526487473	1.3718547585790122	-1.4823371528954852	-0.021551748412482634	-0.9910955880334853
supernova-green	11.666539542050492	7.699328399063363	-4.209403461116199	3.682527431999335	6.024943137915129	1.096437989673777	-2.254111516048293	1.7289001793066994	-1.0105722749078434	-0.035444103009764846
supernova-red	-5.848453474847894	-7.094928469651486	-3.0065281655009253	-1.795672717425223	3.418198018060364	-0.1249884166241447	-1.7211349992279237	-1.670004807183401	1.3142112163178903	-1.4638522758659542
supernova2	-7.510067586271124	-6.767423297061854	-5.130745074102201	-0.2888714986523566	3.077839544561881	-0.45982811070410784	0.8452515405939092	-2.153871050457171	-0.3260146295527496	-0.4690691355566995
syfp2	0.6452934260492191	-3.4821924275435276	3.3131099563858357	-3.7103894244201516	-4.191412677970581	-1.0585928045758768	-1.0220265959799761	3.68228367062515	-0.9256003873944072	2.629134595713742
t-sapphire	5.858396901769797	8.807283258062924	-10.892835644288125	-5.788018099850692	-3.3480028738597665	-1.8704988819554096	0.4619939919110769	0.21123030496051254	-0.07783893151298374	-1.1575722940760766
tagbfp	4.5455840280148045	6.8105002018723235	-8.356267567732521	-4.502929902832956	-2.302886806449401	-4.106175573894822	-1.369441323038513	2.202393603424729	0.11154053476483877	-3.224515507958126
tagcfp	8.217189700920407	4.236571652047183	-0.6793429010108205	4.561812566689658	6.003943958111677	-1.58687457708624	-3.7944432723839787	1.78294948962217	1.0109311136136616	1.9288426678131885
taggfp	6.587525510890513	0.20046649076734607	4.872032744923584	3.635741267871132	1.0054600801808868	-0.938024739723684	0.33999407690000044	-1.922091955338862	1.1144477594540585	-0.4713578581297754
taggfp2	6.299896424437707	-0.4369876209068538	5.647775918422717	3.330330558798081	0.13925242185663977	-0.8354537552016604	0.9349827004726302	-2.2753476745324335	1.0225299370054086	-0.8739463766717681
tagrfp	-4.425953905167363	-5.966938239079169	-1.8918311814718654	-3.9444440729066446	1.3748493884843638	0.3364054379220179	-3.120587366343895	-0.6797213889487479	2.663928434324064	0.09023186437852815
tagrfp-t	-4.186310482646965	-5.765448909078637	-2.0984027930710427	-3.6341176890365703	1.6511139642006187	0.4273446588250557	-2.942636293051208	-0.7986619595246952	2.494750732732697	-0.06312135957374765
tagrfp657	-12.216463433928434	-0.7908888019414302	-4.277987860001016	8.88360411496795	-2.0075990580495082	-2.319578985729493	3.2807158697902157	3.032158747311051	-0.9214865642863247	1.0834175436328508
tagrfp658	-8.001197449505254	3.417244362825303	-6.1306653704287175	4.323312339716011	-1.7713113958496354	-0.37476235822328136	5.435099249838828	3.180162961596397	0.7260058779403209	1.245936391964754
tagrfp675	-12.801786548975874	-3.523038000671379	-4.491351706281104	7.903364545624745	-0.12677087239162232	0.03275041165426981	3.5864351345711185	1.80671850240156	-2.006641888544697	0.22179649146068842
tagyfp	1.503477385443686	-4.139981117286074	5.316522649164055	-2.6260205767033202	-4.309022450065445	-0.6367986194014602	-0.09555003395677611	2.872099814901616	-1.1316786317145446	1.404279396639417
tdimer212	-3.7524372836230713	-7.764238917353318	-0.3011991407228706	-4.2004922009765115	1.7044180818831882	3.598200549436483	-2.717208764568727	0.37746920378972687	0.7980142090498925	-0.05588256094274397
tdsmurfp	-14.776300271292392	7.102280053557395	-0.03193564608997304	10.186239549615479	-6.8163516094650225	1.5494603792051471	-2.6092885905856633	3.173534968346006	4.69332192653902	-0.12656570551751173
tdtomato	-3.9434470407366793	-7.374053866953634	-0.9395856874216405	-3.9937134596457193	1.8719147051678706	3.1008064586815354	-2.571767635529421	-0.305893905914438	1.2385853865685799	0.07580628408060053
tkeima	11.35771587159016	6.651355182339465	-2.9382387889128334	3.4240126264201822	5.271719510767203	1.1626074650802016	-2.022410574356428	2.3721745003607717	-1.560635865310528	-0.7437976216688794
topaz	0.3747451058383166	-4.494374657794751	4.200659327676499	-3.6290704523063795	-3.97584175107419	-0.3987383493159754	-1.1055570220941697	3.913776716722056	-1.1971847088378786	2.5373332063870717
tripartitegfp	4.919402715338969	-1.427506423745497	6.464161899357728	2.83388608565937	-1.1133631325316569	-1.6567726299888337	1.4078071763393711	-3.289798988992711	1.8104058906586031	-0.8376849521070925
turbofp602	-6.3177110090538635	-6.508821053716523	-2.707095288035386	-0.4574992674939086	2.1045874306942016	-1.6259808725001872	-0.1925145529480771	-1.482107665593573	0.5880093521622627	-1.0916319926870972
turbogfp	5.446269164754841	-0.2602225340268156	4.7568695296546135	2.744684248515112	-0.0031024257816214015	-1.7159435326368082	0.3463496416063115	-1.87053230890264	1.4041767153097415	-0.5308159562078439
turborfp	-3.8737364577479934	-5.933761289164015	-0.9106701297414506	-3.6666863637035725	1.1384142110716553	0.1668518270911901	-3.2381432342978087	-0.20132599798311776	2.5282597140417766	-0.07238276842860274
unag	4.260449000933639	-2.836209917414511	6.579835119329054	0.1519817351013484	-2.9993965033300016	-0.3961110119728424	1.0461509611365083	0.7904095478956759	-0.8018136456870654	-0.31225807422704904
usgfp	5.848705172233858	-0.8909760275818818	6.018817850216943	2.903537083625044	-0.5862800314829492	-1.152474281732285	1.1157328011908214	-2.1225325611008965	0.978003147487197	-1.2467868011702556
var1	10.695449487426568	3.6169686433195207	1.6914812988305596	3.1615742140678607	1.6402375028415979	2.3069078425360927	1.537950478385166	-1.1412125116389589	-1.4031425324936608	-1.9283767903850113
venus	0.6452934260492191	-3.4821924275435276	3.3131099563858357	-3.7103894244201516	-4.191412677970581	-1.0585928045758768	-1.0220265959799761	3.68228367062515	-0.9256003873944072	2.629134595713742
vsfgfp-0	6.542892069729121	-0.5145332660991824	5.80267207668094	3.1694398092935216	-0.052740716537366186	-0.6156749464481291	1.0150185810936618	-1.7584242994590022	0.5414253068621273	-1.3208521201538892
vsfgfp-9	6.419514025812609	-0.7502356160966026	6.02468086080474	3.0211197205600517	-0.30424406053215675	-0.5487432266268888	1.1157941240506035	-1.6923916173807183	0.4540396378665109	-1.2742062806111925
wascfp	5.621297831488919	0.0820235028176681	4.264658978191762	2.6597588410148942	0.23866685495905263	-1.879667139251694	0.019778300161868864	-1.308667329209746	1.245162344748639	-0.9320462893439915
ypet	0.0049485056813844686	-3.9901227478118613	3.5612402700112678	-3.588671648985439	-3.842445770986223	-1.259523169808847	-1.5017710285684593	3.8357871143077102	-0.6731592168157219	2.7400407970045735
yuzufp	6.140049686845628	-0.3526118155072946	4.790822749343872	1.2460502082220455	-1.9668941568730158	-0.26483634867563327	1.832119417768355	-1.4267432595298448	-0.1323586947774095	-1.6982945154368874
zsgreen	3.9587592218710066	-1.7040738903336374	5.7464874216968145	1.311777328407046	-2.1873392369459808	-2.2378684017929	1.0019743168796171	-1.7442364332364642	1.307426843947348	-1.1437090837198267
zsyellow1	-1.5469673671330282	-5.603234872307149	2.2963096697801966	-3.9548794299769274	-1.4457343424489069	0.7819632345885977	-2.4195969906153385	2.504058654760793	0.1243598686453514	1.251645514340393
